	sequences per sample	iteration	HBT-12	ZR7-18	ZR9-19	ZR9-18	ZR9-11	ZR9-16	ZR9-15	ZR9-14	N39	ZR4-16	ZR4-12	ZR4-19	ZR4-76	ZR4-77	ZR4-79	ZR4-89	ZR4-15	ZR4-82	ZR4-81	HBV-11	HBV-12	ZR4-84	ZR4-67	ZR4-68	ZR4-52	ZR4-53	ZR4-54	ZR4-57	ZR4-39	ZR4-30	ZR4-46	ZR4-45	ZR4-44	ZR4-41	HBT-8	ZR9-7	ZR9-4	N72	HBV-68	HBV-64	HBV-61	ZR9-3	ZR9-1	ZR4-36	ZR9-5	ZR4-35	ZR9-20	N41	N43	N42	N44	ZR7-9	ZR7-8	HBV-52	ZR7-6	ZR4-28	ZR4-23	ZR4-22	ZR4-26	HBV-46	IMT17	ZR7-11	ZR4-2	ZR9-10	zsb1122	HBV-56	ZR7-22	ZR7-15	ZR7-1	ZR4-14	ZR4-69	ZR4-38	ZR4-33	HBV-22	HBV-59	HBV-5	ZR9-17	ZR4-55	ZR7-16	ZR9-13	ZR7-20	ZR4-63	ZR4-59	ZR9-2	ZR4-31	ZR9-21	zqq1205	N45	ZR7-7	ZR4-27	ZR7-17	ZR9-9	ZR9-8	ZR7-12	ZR7-13	ZR9-12	ZR9-6
alpha_rarefaction_10_0.txt	10	0	9.0	5.0	8.0	4.0	10.0	8.0	6.0	8.0	4.0	9.0	6.0	8.0	6.0	1.0	6.0	10.0	7.0	9.0	6.0	8.0	6.0	7.0	8.0	9.0	7.0	5.0	9.0	8.0	6.0	5.0	7.0	8.0	7.0	8.0	7.0	6.0	8.0	8.0	5.0	8.0	7.0	7.0	5.0	7.0	4.0	4.0	7.0	8.0	8.0	2.0	9.0	8.0	6.0	9.0	6.0	9.0	10.0	5.0	5.0	6.0	7.0	5.0	7.0	7.0	5.0	7.0	5.0	5.0	6.0	5.0	7.0	1.0	4.0	8.0	5.0	7.0	6.0	10.0	7.0	7.0	4.0	1.0	6.0	5.0	6.0	6.0	7.0	7.0	8.0	4.0	6.0	8.0	5.0	6.0	3.0	6.0	6.0
alpha_rarefaction_10_1.txt	10	1	6.0	4.0	7.0	6.0	7.0	6.0	6.0	5.0	6.0	9.0	7.0	8.0	10.0	4.0	8.0	8.0	10.0	9.0	6.0	9.0	7.0	7.0	9.0	9.0	7.0	6.0	7.0	10.0	8.0	6.0	8.0	8.0	7.0	10.0	7.0	4.0	7.0	8.0	7.0	5.0	9.0	6.0	7.0	10.0	6.0	6.0	4.0	8.0	8.0	6.0	9.0	7.0	7.0	7.0	7.0	7.0	9.0	8.0	4.0	7.0	9.0	3.0	6.0	8.0	8.0	5.0	4.0	7.0	6.0	6.0	8.0	1.0	7.0	9.0	6.0	6.0	6.0	8.0	6.0	8.0	4.0	1.0	7.0	7.0	6.0	6.0	8.0	7.0	9.0	7.0	7.0	7.0	4.0	4.0	4.0	6.0	6.0
alpha_rarefaction_10_2.txt	10	2	7.0	6.0	5.0	5.0	7.0	6.0	6.0	7.0	7.0	10.0	4.0	8.0	5.0	3.0	8.0	7.0	8.0	8.0	8.0	9.0	8.0	8.0	7.0	10.0	8.0	6.0	8.0	8.0	10.0	6.0	10.0	6.0	8.0	8.0	7.0	6.0	8.0	9.0	5.0	10.0	6.0	6.0	6.0	6.0	5.0	10.0	6.0	9.0	10.0	5.0	9.0	5.0	6.0	10.0	8.0	7.0	9.0	4.0	5.0	6.0	7.0	6.0	6.0	5.0	5.0	9.0	8.0	8.0	9.0	7.0	7.0	3.0	7.0	8.0	5.0	4.0	8.0	6.0	7.0	9.0	4.0	2.0	9.0	5.0	7.0	6.0	6.0	8.0	5.0	6.0	4.0	9.0	7.0	5.0	3.0	6.0	4.0
alpha_rarefaction_10_3.txt	10	3	10.0	5.0	7.0	6.0	7.0	9.0	6.0	9.0	6.0	7.0	3.0	10.0	7.0	3.0	6.0	7.0	10.0	10.0	6.0	6.0	6.0	5.0	7.0	7.0	5.0	6.0	8.0	8.0	8.0	8.0	9.0	5.0	7.0	7.0	9.0	5.0	7.0	8.0	8.0	8.0	6.0	6.0	3.0	8.0	6.0	7.0	7.0	8.0	7.0	6.0	9.0	5.0	7.0	8.0	6.0	5.0	9.0	3.0	6.0	6.0	9.0	6.0	7.0	6.0	5.0	6.0	2.0	8.0	8.0	7.0	7.0	2.0	9.0	8.0	6.0	7.0	7.0	8.0	6.0	6.0	5.0	4.0	8.0	6.0	6.0	7.0	5.0	9.0	4.0	6.0	4.0	5.0	5.0	6.0	3.0	6.0	5.0
alpha_rarefaction_10_4.txt	10	4	7.0	4.0	7.0	7.0	5.0	7.0	5.0	7.0	5.0	9.0	5.0	8.0	6.0	5.0	8.0	5.0	8.0	8.0	7.0	9.0	9.0	9.0	5.0	9.0	8.0	7.0	10.0	7.0	8.0	8.0	9.0	7.0	9.0	7.0	8.0	7.0	8.0	9.0	10.0	7.0	8.0	8.0	4.0	8.0	6.0	5.0	7.0	7.0	6.0	3.0	8.0	5.0	5.0	9.0	7.0	5.0	9.0	4.0	9.0	8.0	6.0	7.0	8.0	6.0	5.0	6.0	6.0	8.0	7.0	7.0	8.0	1.0	7.0	7.0	4.0	6.0	7.0	6.0	8.0	9.0	3.0	3.0	9.0	6.0	7.0	4.0	7.0	7.0	5.0	5.0	5.0	8.0	4.0	5.0	2.0	4.0	5.0
alpha_rarefaction_10_5.txt	10	5	9.0	5.0	7.0	6.0	8.0	7.0	6.0	7.0	5.0	10.0	2.0	8.0	6.0	4.0	6.0	9.0	6.0	9.0	5.0	9.0	7.0	6.0	4.0	7.0	8.0	6.0	9.0	8.0	7.0	8.0	7.0	9.0	9.0	8.0	6.0	5.0	10.0	8.0	5.0	8.0	5.0	5.0	4.0	6.0	6.0	7.0	6.0	9.0	7.0	5.0	8.0	4.0	6.0	9.0	9.0	6.0	8.0	6.0	5.0	9.0	8.0	8.0	7.0	8.0	8.0	7.0	8.0	7.0	9.0	8.0	8.0	2.0	9.0	7.0	5.0	5.0	5.0	8.0	6.0	6.0	5.0	1.0	7.0	6.0	8.0	5.0	7.0	9.0	6.0	7.0	7.0	8.0	5.0	5.0	3.0	5.0	5.0
alpha_rarefaction_10_6.txt	10	6	7.0	6.0	7.0	7.0	8.0	5.0	5.0	8.0	7.0	9.0	4.0	9.0	7.0	3.0	7.0	5.0	8.0	7.0	7.0	10.0	8.0	5.0	9.0	8.0	6.0	4.0	10.0	9.0	8.0	7.0	9.0	8.0	7.0	6.0	9.0	6.0	8.0	10.0	7.0	9.0	9.0	4.0	4.0	9.0	6.0	5.0	5.0	10.0	6.0	3.0	7.0	6.0	5.0	8.0	8.0	5.0	7.0	7.0	8.0	6.0	9.0	5.0	6.0	7.0	6.0	9.0	6.0	7.0	6.0	6.0	9.0	2.0	6.0	8.0	4.0	7.0	7.0	9.0	7.0	8.0	3.0	1.0	9.0	5.0	6.0	5.0	8.0	9.0	6.0	7.0	7.0	8.0	5.0	5.0	4.0	3.0	4.0
alpha_rarefaction_10_7.txt	10	7	8.0	5.0	7.0	6.0	9.0	8.0	7.0	6.0	4.0	10.0	5.0	8.0	6.0	4.0	6.0	6.0	10.0	10.0	8.0	9.0	7.0	5.0	7.0	10.0	7.0	9.0	8.0	8.0	8.0	8.0	8.0	7.0	7.0	9.0	6.0	4.0	7.0	9.0	7.0	8.0	9.0	5.0	5.0	10.0	7.0	7.0	5.0	8.0	8.0	6.0	6.0	7.0	6.0	10.0	6.0	5.0	9.0	5.0	6.0	7.0	5.0	6.0	7.0	5.0	7.0	6.0	6.0	8.0	7.0	6.0	9.0	1.0	7.0	5.0	5.0	5.0	8.0	8.0	10.0	7.0	3.0	2.0	9.0	9.0	7.0	4.0	8.0	7.0	5.0	6.0	8.0	7.0	5.0	4.0	2.0	7.0	5.0
alpha_rarefaction_10_8.txt	10	8	5.0	2.0	5.0	7.0	8.0	4.0	3.0	8.0	7.0	9.0	3.0	10.0	7.0	7.0	8.0	8.0	9.0	8.0	9.0	10.0	6.0	5.0	7.0	7.0	9.0	7.0	9.0	9.0	9.0	6.0	8.0	6.0	9.0	5.0	7.0	7.0	8.0	10.0	6.0	8.0	10.0	3.0	4.0	7.0	6.0	5.0	6.0	6.0	5.0	8.0	8.0	8.0	9.0	7.0	9.0	6.0	8.0	6.0	5.0	7.0	7.0	6.0	8.0	8.0	4.0	5.0	2.0	6.0	9.0	8.0	5.0	1.0	5.0	8.0	5.0	5.0	6.0	7.0	6.0	5.0	4.0	2.0	7.0	8.0	7.0	6.0	8.0	8.0	7.0	6.0	4.0	8.0	5.0	4.0	3.0	6.0	3.0
alpha_rarefaction_10_9.txt	10	9	7.0	4.0	6.0	5.0	6.0	8.0	6.0	9.0	6.0	8.0	4.0	7.0	6.0	4.0	6.0	6.0	8.0	9.0	7.0	8.0	7.0	8.0	6.0	9.0	9.0	7.0	10.0	8.0	6.0	7.0	6.0	6.0	7.0	5.0	7.0	4.0	10.0	10.0	6.0	6.0	6.0	5.0	4.0	8.0	5.0	7.0	8.0	7.0	10.0	4.0	4.0	6.0	8.0	10.0	8.0	5.0	8.0	5.0	7.0	8.0	7.0	6.0	7.0	6.0	7.0	8.0	5.0	8.0	9.0	7.0	6.0	2.0	5.0	9.0	4.0	7.0	5.0	8.0	8.0	7.0	3.0	1.0	7.0	7.0	8.0	5.0	5.0	9.0	6.0	6.0	6.0	8.0	6.0	5.0	3.0	5.0	7.0
alpha_rarefaction_10147_0.txt	10147	0	181.0	113.0	140.0	100.0	136.0	194.0	168.0	157.0	153.0	225.0	92.0	189.0	80.0	72.0	163.0	158.0	172.0	242.0	139.0	152.0	119.0	140.0	186.0	255.0	185.0	162.0	247.0	198.0	156.0	155.0	171.0	179.0	145.0	107.0	187.0	135.0	170.0	233.0	145.0	156.0	213.0	170.0	133.0	146.0	94.0	187.0	139.0	190.0	175.0	114.0	180.0	83.0	117.0	225.0	157.0	109.0	176.0	165.0	114.0	138.0	140.0	75.0	135.0	129.0	167.0	107.0	156.0	89.0	106.0	109.0	152.0	116.0	122.0	159.0	66.0	121.0	118.0	143.0	92.0	116.0	44.0	69.0	152.0	146.0	121.0	100.0	98.0	n/a	111.0	83.0	45.0	117.0	52.0	63.0	53.0	69.0	76.0
alpha_rarefaction_10147_1.txt	10147	1	196.0	124.0	139.0	100.0	134.0	200.0	158.0	155.0	157.0	225.0	100.0	188.0	83.0	75.0	164.0	161.0	177.0	223.0	146.0	149.0	130.0	140.0	189.0	260.0	181.0	173.0	243.0	206.0	161.0	145.0	167.0	177.0	153.0	111.0	180.0	156.0	166.0	217.0	145.0	155.0	204.0	182.0	131.0	151.0	90.0	184.0	130.0	198.0	175.0	109.0	195.0	80.0	114.0	202.0	143.0	112.0	177.0	171.0	127.0	142.0	142.0	72.0	137.0	135.0	169.0	107.0	145.0	97.0	98.0	107.0	139.0	112.0	134.0	161.0	70.0	119.0	116.0	144.0	78.0	123.0	49.0	73.0	151.0	142.0	110.0	99.0	98.0	n/a	105.0	83.0	48.0	123.0	58.0	57.0	52.0	64.0	69.0
alpha_rarefaction_10147_2.txt	10147	2	173.0	113.0	122.0	104.0	136.0	199.0	168.0	155.0	155.0	223.0	92.0	198.0	80.0	71.0	173.0	165.0	172.0	238.0	154.0	142.0	124.0	141.0	194.0	253.0	172.0	157.0	244.0	195.0	147.0	153.0	171.0	190.0	151.0	109.0	185.0	149.0	167.0	230.0	143.0	161.0	202.0	174.0	135.0	155.0	91.0	179.0	130.0	188.0	172.0	126.0	191.0	88.0	113.0	205.0	141.0	116.0	186.0	165.0	112.0	135.0	143.0	75.0	139.0	131.0	165.0	109.0	150.0	90.0	105.0	109.0	140.0	103.0	135.0	161.0	63.0	114.0	108.0	141.0	85.0	115.0	41.0	82.0	152.0	147.0	112.0	94.0	106.0	n/a	115.0	83.0	47.0	124.0	61.0	61.0	50.0	69.0	61.0
alpha_rarefaction_10147_3.txt	10147	3	188.0	118.0	122.0	102.0	136.0	187.0	156.0	143.0	150.0	223.0	90.0	193.0	80.0	75.0	163.0	173.0	171.0	236.0	152.0	143.0	137.0	132.0	186.0	254.0	172.0	162.0	242.0	186.0	149.0	152.0	183.0	177.0	145.0	102.0	181.0	152.0	170.0	234.0	156.0	160.0	213.0	175.0	126.0	151.0	98.0	188.0	123.0	197.0	166.0	123.0	187.0	82.0	113.0	208.0	139.0	115.0	172.0	169.0	121.0	147.0	139.0	71.0	140.0	137.0	176.0	108.0	155.0	88.0	112.0	107.0	142.0	106.0	144.0	163.0	62.0	114.0	115.0	150.0	85.0	114.0	42.0	76.0	154.0	132.0	102.0	101.0	114.0	n/a	120.0	81.0	43.0	119.0	53.0	60.0	48.0	65.0	69.0
alpha_rarefaction_10147_4.txt	10147	4	186.0	111.0	128.0	105.0	132.0	193.0	169.0	156.0	141.0	219.0	95.0	189.0	82.0	66.0	163.0	169.0	173.0	233.0	154.0	144.0	130.0	144.0	179.0	248.0	175.0	154.0	252.0	201.0	160.0	159.0	166.0	182.0	141.0	115.0	188.0	139.0	170.0	225.0	142.0	159.0	202.0	167.0	139.0	144.0	94.0	177.0	128.0	193.0	177.0	122.0	190.0	89.0	108.0	211.0	147.0	106.0	182.0	176.0	120.0	140.0	146.0	80.0	144.0	133.0	174.0	104.0	151.0	84.0	108.0	110.0	145.0	114.0	135.0	169.0	65.0	112.0	123.0	151.0	85.0	114.0	44.0	70.0	154.0	137.0	119.0	104.0	96.0	n/a	106.0	78.0	43.0	122.0	55.0	60.0	49.0	64.0	72.0
alpha_rarefaction_10147_5.txt	10147	5	177.0	111.0	128.0	107.0	138.0	179.0	162.0	152.0	152.0	227.0	94.0	188.0	77.0	72.0	167.0	165.0	169.0	226.0	145.0	151.0	132.0	135.0	192.0	247.0	167.0	157.0	248.0	203.0	148.0	157.0	174.0	181.0	144.0	108.0	192.0	132.0	173.0	226.0	150.0	166.0	202.0	175.0	135.0	157.0	100.0	189.0	124.0	194.0	171.0	114.0	183.0	82.0	111.0	217.0	138.0	111.0	185.0	167.0	123.0	150.0	140.0	80.0	131.0	135.0	168.0	105.0	157.0	90.0	98.0	108.0	149.0	108.0	123.0	161.0	65.0	116.0	115.0	149.0	87.0	117.0	36.0	70.0	144.0	140.0	110.0	95.0	97.0	n/a	104.0	85.0	50.0	116.0	56.0	59.0	51.0	68.0	70.0
alpha_rarefaction_10147_6.txt	10147	6	180.0	116.0	122.0	103.0	126.0	187.0	173.0	151.0	157.0	226.0	97.0	188.0	82.0	69.0	166.0	163.0	173.0	239.0	137.0	152.0	130.0	140.0	186.0	258.0	174.0	152.0	247.0	201.0	151.0	154.0	176.0	171.0	144.0	108.0	182.0	154.0	171.0	224.0	158.0	160.0	204.0	174.0	127.0	146.0	90.0	172.0	136.0	198.0	179.0	123.0	178.0	92.0	116.0	213.0	146.0	110.0	173.0	175.0	119.0	149.0	137.0	79.0	134.0	127.0	167.0	103.0	165.0	93.0	108.0	107.0	143.0	99.0	138.0	159.0	69.0	114.0	122.0	146.0	84.0	112.0	45.0	75.0	151.0	145.0	116.0	94.0	101.0	n/a	110.0	74.0	46.0	111.0	52.0	53.0	46.0	64.0	70.0
alpha_rarefaction_10147_7.txt	10147	7	192.0	117.0	127.0	97.0	142.0	188.0	169.0	156.0	153.0	226.0	94.0	190.0	81.0	71.0	171.0	163.0	168.0	227.0	141.0	146.0	130.0	137.0	202.0	251.0	174.0	159.0	245.0	190.0	159.0	152.0	175.0	173.0	148.0	109.0	184.0	139.0	177.0	232.0	149.0	152.0	211.0	176.0	136.0	150.0	98.0	181.0	124.0	190.0	185.0	134.0	188.0	82.0	109.0	222.0	145.0	114.0	181.0	175.0	115.0	147.0	134.0	77.0	133.0	130.0	176.0	106.0	151.0	86.0	103.0	99.0	140.0	96.0	123.0	156.0	65.0	119.0	116.0	145.0	79.0	121.0	40.0	65.0	144.0	142.0	104.0	103.0	95.0	n/a	110.0	85.0	51.0	113.0	57.0	62.0	50.0	63.0	70.0
alpha_rarefaction_10147_8.txt	10147	8	191.0	107.0	130.0	99.0	132.0	193.0	166.0	153.0	146.0	233.0	97.0	179.0	79.0	75.0	166.0	166.0	170.0	236.0	149.0	150.0	131.0	135.0	198.0	247.0	174.0	161.0	255.0	192.0	154.0	160.0	174.0	183.0	152.0	103.0	180.0	145.0	170.0	227.0	155.0	161.0	206.0	173.0	122.0	152.0	97.0	181.0	123.0	192.0	175.0	117.0	196.0	83.0	115.0	202.0	149.0	113.0	184.0	177.0	121.0	152.0	139.0	74.0	132.0	136.0	167.0	105.0	152.0	94.0	107.0	108.0	145.0	96.0	128.0	158.0	70.0	116.0	121.0	161.0	86.0	117.0	42.0	71.0	145.0	135.0	107.0	90.0	102.0	n/a	111.0	80.0	44.0	120.0	54.0	65.0	59.0	69.0	74.0
alpha_rarefaction_10147_9.txt	10147	9	183.0	109.0	132.0	106.0	133.0	189.0	165.0	163.0	158.0	225.0	96.0	190.0	85.0	69.0	165.0	169.0	174.0	225.0	148.0	146.0	131.0	145.0	190.0	261.0	167.0	163.0	244.0	193.0	155.0	148.0	177.0	186.0	148.0	110.0	179.0	150.0	172.0	233.0	148.0	162.0	210.0	175.0	135.0	149.0	96.0	190.0	128.0	198.0	172.0	127.0	186.0	87.0	120.0	209.0	147.0	120.0	184.0	175.0	120.0	138.0	139.0	72.0	135.0	131.0	162.0	104.0	151.0	87.0	106.0	104.0	142.0	98.0	124.0	170.0	70.0	112.0	118.0	157.0	80.0	119.0	45.0	78.0	154.0	135.0	107.0	96.0	109.0	n/a	111.0	85.0	43.0	114.0	66.0	59.0	52.0	65.0	72.0
alpha_rarefaction_20284_0.txt	20284	0	220.0	143.0	159.0	132.0	155.0	228.0	204.0	178.0	182.0	260.0	114.0	218.0	98.0	91.0	194.0	181.0	204.0	266.0	170.0	166.0	151.0	162.0	230.0	305.0	210.0	185.0	287.0	232.0	179.0	175.0	197.0	202.0	171.0	137.0	209.0	184.0	201.0	269.0	178.0	195.0	246.0	211.0	170.0	173.0	114.0	221.0	152.0	228.0	207.0	151.0	231.0	102.0	137.0	252.0	188.0	132.0	202.0	203.0	148.0	169.0	165.0	88.0	160.0	155.0	204.0	125.0	176.0	98.0	126.0	135.0	166.0	127.0	174.0	188.0	79.0	132.0	144.0	166.0	98.0	135.0	51.0	100.0	180.0	166.0	138.0	126.0	125.0	n/a	130.0	98.0	53.0	138.0	68.0	71.0	59.0	78.0	88.0
alpha_rarefaction_20284_1.txt	20284	1	211.0	135.0	156.0	135.0	163.0	224.0	210.0	178.0	179.0	266.0	120.0	209.0	107.0	93.0	205.0	177.0	196.0	279.0	170.0	161.0	154.0	156.0	226.0	306.0	210.0	190.0	300.0	232.0	176.0	179.0	199.0	206.0	172.0	136.0	199.0	183.0	203.0	274.0	175.0	181.0	247.0	217.0	165.0	176.0	116.0	211.0	156.0	227.0	208.0	152.0	217.0	99.0	128.0	253.0	180.0	136.0	199.0	214.0	138.0	169.0	171.0	93.0	170.0	157.0	200.0	120.0	180.0	98.0	119.0	128.0	164.0	142.0	179.0	190.0	87.0	140.0	144.0	174.0	97.0	135.0	53.0	93.0	196.0	166.0	132.0	108.0	123.0	n/a	126.0	100.0	53.0	135.0	74.0	69.0	56.0	90.0	89.0
alpha_rarefaction_20284_2.txt	20284	2	220.0	133.0	153.0	132.0	160.0	222.0	198.0	176.0	191.0	258.0	118.0	219.0	97.0	90.0	192.0	189.0	200.0	277.0	173.0	161.0	152.0	159.0	221.0	300.0	208.0	191.0	299.0	231.0	189.0	181.0	196.0	213.0	177.0	135.0	220.0	179.0	202.0	273.0	172.0	174.0	250.0	201.0	163.0	187.0	125.0	217.0	159.0	226.0	210.0	146.0	233.0	100.0	128.0	250.0	172.0	122.0	207.0	193.0	152.0	168.0	174.0	93.0	178.0	161.0	203.0	135.0	170.0	107.0	123.0	137.0	166.0	134.0	171.0	186.0	84.0	139.0	133.0	180.0	100.0	143.0	49.0	98.0	181.0	169.0	136.0	123.0	116.0	n/a	132.0	97.0	53.0	137.0	72.0	75.0	61.0	75.0	87.0
alpha_rarefaction_20284_3.txt	20284	3	221.0	134.0	155.0	141.0	165.0	220.0	199.0	177.0	181.0	263.0	114.0	216.0	92.0	90.0	195.0	191.0	204.0	275.0	164.0	166.0	159.0	163.0	229.0	300.0	213.0	176.0	303.0	236.0	184.0	178.0	214.0	213.0	167.0	136.0	208.0	174.0	207.0	276.0	183.0	185.0	243.0	213.0	168.0	184.0	114.0	218.0	153.0	225.0	213.0	154.0	227.0	90.0	133.0	256.0	176.0	136.0	206.0	207.0	151.0	169.0	170.0	88.0	168.0	168.0	207.0	124.0	176.0	100.0	130.0	125.0	167.0	140.0	169.0	191.0	76.0	138.0	133.0	178.0	96.0	141.0	50.0	93.0	187.0	173.0	137.0	119.0	129.0	n/a	128.0	100.0	57.0	130.0	71.0	67.0	59.0	81.0	90.0
alpha_rarefaction_20284_4.txt	20284	4	222.0	139.0	155.0	118.0	164.0	213.0	204.0	175.0	178.0	259.0	122.0	212.0	98.0	94.0	205.0	193.0	198.0	279.0	168.0	164.0	155.0	165.0	210.0	301.0	204.0	183.0	305.0	228.0	187.0	185.0	208.0	206.0	172.0	130.0	213.0	177.0	202.0	268.0	178.0	189.0	248.0	213.0	177.0	178.0	111.0	222.0	155.0	227.0	196.0	154.0	232.0	103.0	128.0	236.0	175.0	134.0	195.0	201.0	147.0	167.0	163.0	88.0	173.0	162.0	207.0	123.0	174.0	106.0	126.0	124.0	167.0	128.0	160.0	188.0	81.0	133.0	135.0	179.0	90.0	143.0	54.0	111.0	184.0	167.0	141.0	122.0	123.0	n/a	136.0	94.0	54.0	138.0	69.0	68.0	62.0	90.0	81.0
alpha_rarefaction_20284_5.txt	20284	5	216.0	137.0	159.0	131.0	165.0	223.0	198.0	176.0	186.0	265.0	109.0	214.0	97.0	83.0	188.0	189.0	203.0	270.0	173.0	166.0	156.0	166.0	226.0	288.0	217.0	191.0	302.0	234.0	176.0	181.0	200.0	213.0	175.0	128.0	210.0	178.0	203.0	260.0	181.0	181.0	240.0	204.0	162.0	186.0	108.0	220.0	152.0	227.0	202.0	151.0	221.0	90.0	135.0	244.0	182.0	129.0	206.0	206.0	145.0	165.0	172.0	83.0	157.0	156.0	211.0	127.0	176.0	99.0	133.0	129.0	171.0	135.0	164.0	182.0	78.0	141.0	132.0	173.0	98.0	140.0	50.0	103.0	192.0	162.0	130.0	125.0	122.0	n/a	137.0	99.0	59.0	137.0	75.0	69.0	61.0	91.0	83.0
alpha_rarefaction_20284_6.txt	20284	6	222.0	136.0	147.0	131.0	155.0	224.0	205.0	181.0	174.0	253.0	119.0	208.0	100.0	91.0	192.0	183.0	201.0	263.0	171.0	159.0	153.0	167.0	229.0	302.0	214.0	177.0	307.0	232.0	180.0	183.0	202.0	207.0	167.0	131.0	214.0	176.0	198.0	278.0	173.0	185.0	245.0	205.0	170.0	174.0	113.0	213.0	152.0	228.0	206.0	143.0	221.0	100.0	130.0	252.0	175.0	129.0	202.0	205.0	151.0	167.0	163.0	89.0	170.0	155.0	208.0	124.0	183.0	106.0	126.0	124.0	172.0	128.0	165.0	201.0	78.0	139.0	132.0	175.0	96.0	141.0	55.0	111.0	184.0	174.0	127.0	124.0	127.0	n/a	134.0	101.0	55.0	138.0	71.0	80.0	59.0	77.0	89.0
alpha_rarefaction_20284_7.txt	20284	7	212.0	140.0	160.0	131.0	156.0	224.0	186.0	177.0	184.0	262.0	121.0	213.0	90.0	84.0	205.0	190.0	212.0	273.0	170.0	168.0	151.0	170.0	222.0	295.0	217.0	184.0	304.0	227.0	191.0	187.0	210.0	206.0	167.0	127.0	215.0	185.0	197.0	270.0	170.0	189.0	249.0	214.0	172.0	170.0	116.0	221.0	156.0	229.0	203.0	152.0	223.0	92.0	124.0	245.0	167.0	131.0	207.0	200.0	144.0	171.0	163.0	89.0	163.0	161.0	207.0	116.0	176.0	107.0	124.0	137.0	170.0	124.0	170.0	188.0	75.0	136.0	143.0	177.0	101.0	127.0	51.0	100.0	184.0	174.0	136.0	118.0	121.0	n/a	132.0	97.0	58.0	142.0	65.0	73.0	63.0	85.0	84.0
alpha_rarefaction_20284_8.txt	20284	8	213.0	132.0	155.0	124.0	161.0	224.0	203.0	180.0	186.0	258.0	110.0	220.0	99.0	86.0	203.0	192.0	197.0	269.0	159.0	163.0	154.0	152.0	233.0	294.0	214.0	178.0	307.0	226.0	178.0	176.0	211.0	208.0	168.0	130.0	210.0	176.0	207.0	273.0	183.0	195.0	240.0	213.0	169.0	177.0	115.0	216.0	153.0	227.0	212.0	154.0	219.0	96.0	137.0	249.0	172.0	127.0	204.0	210.0	146.0	155.0	170.0	84.0	157.0	161.0	209.0	130.0	185.0	101.0	124.0	125.0	173.0	134.0	188.0	181.0	75.0	135.0	133.0	169.0	99.0	138.0	52.0	93.0	183.0	173.0	135.0	121.0	131.0	n/a	128.0	102.0	57.0	134.0	76.0	73.0	62.0	84.0	83.0
alpha_rarefaction_20284_9.txt	20284	9	209.0	142.0	156.0	129.0	158.0	226.0	193.0	174.0	179.0	250.0	119.0	215.0	92.0	90.0	199.0	189.0	203.0	276.0	176.0	173.0	154.0	171.0	232.0	298.0	212.0	191.0	310.0	232.0	188.0	187.0	203.0	207.0	166.0	133.0	215.0	182.0	206.0	266.0	172.0	186.0	251.0	203.0	173.0	175.0	116.0	213.0	159.0	234.0	209.0	153.0	227.0	98.0	139.0	245.0	183.0	127.0	203.0	204.0	141.0	167.0	171.0	96.0	165.0	152.0	203.0	119.0	180.0	106.0	115.0	132.0	176.0	130.0	184.0	188.0	79.0	135.0	136.0	184.0	106.0	135.0	52.0	99.0	181.0	160.0	130.0	118.0	124.0	n/a	129.0	99.0	51.0	143.0	66.0	74.0	58.0	82.0	86.0
alpha_rarefaction_30421_0.txt	30421	0	230.0	153.0	164.0	143.0	175.0	244.0	228.0	194.0	194.0	288.0	130.0	230.0	106.0	98.0	210.0	210.0	221.0	300.0	186.0	180.0	165.0	165.0	247.0	320.0	236.0	195.0	321.0	252.0	206.0	195.0	228.0	221.0	191.0	144.0	227.0	202.0	223.0	304.0	195.0	200.0	270.0	231.0	191.0	202.0	137.0	249.0	172.0	244.0	224.0	164.0	247.0	103.0	137.0	277.0	197.0	142.0	219.0	238.0	159.0	181.0	193.0	104.0	188.0	171.0	226.0	140.0	189.0	114.0	137.0	151.0	183.0	163.0	206.0	197.0	86.0	148.0	151.0	190.0	117.0	152.0	51.0	113.0	208.0	185.0	145.0	143.0	133.0	n/a	147.0	111.0	61.0	145.0	76.0	78.0	74.0	91.0	97.0
alpha_rarefaction_30421_1.txt	30421	1	228.0	152.0	167.0	143.0	186.0	249.0	219.0	193.0	198.0	281.0	133.0	228.0	115.0	102.0	207.0	199.0	214.0	294.0	186.0	174.0	169.0	176.0	251.0	313.0	234.0	196.0	333.0	244.0	203.0	200.0	222.0	226.0	176.0	147.0	227.0	203.0	212.0	293.0	191.0	203.0	274.0	219.0	192.0	205.0	134.0	250.0	177.0	246.0	232.0	169.0	239.0	108.0	138.0	280.0	189.0	143.0	216.0	230.0	162.0	183.0	190.0	93.0	187.0	172.0	227.0	143.0	189.0	107.0	137.0	144.0	183.0	169.0	197.0	207.0	84.0	149.0	148.0	187.0	109.0	149.0	59.0	123.0	205.0	183.0	147.0	126.0	136.0	n/a	144.0	105.0	62.0	146.0	76.0	75.0	72.0	94.0	98.0
alpha_rarefaction_30421_2.txt	30421	2	242.0	149.0	172.0	153.0	171.0	238.0	211.0	194.0	198.0	285.0	132.0	237.0	111.0	99.0	209.0	202.0	212.0	300.0	192.0	177.0	165.0	178.0	247.0	323.0	235.0	202.0	326.0	245.0	207.0	202.0	225.0	226.0	189.0	136.0	230.0	213.0	217.0	290.0	189.0	193.0	267.0	230.0	184.0	194.0	135.0	244.0	174.0	248.0	228.0	165.0	247.0	111.0	137.0	273.0	202.0	133.0	215.0	221.0	162.0	185.0	182.0	97.0	190.0	176.0	228.0	134.0	185.0	104.0	135.0	145.0	185.0	166.0	206.0	213.0	77.0	142.0	147.0	202.0	105.0	144.0	54.0	116.0	197.0	182.0	148.0	134.0	138.0	n/a	145.0	107.0	65.0	145.0	82.0	81.0	76.0	92.0	97.0
alpha_rarefaction_30421_3.txt	30421	3	230.0	145.0	170.0	147.0	173.0	243.0	214.0	192.0	200.0	279.0	133.0	231.0	106.0	96.0	219.0	206.0	220.0	298.0	189.0	169.0	176.0	185.0	244.0	321.0	237.0	199.0	329.0	242.0	205.0	195.0	217.0	232.0	185.0	133.0	234.0	205.0	214.0	300.0	189.0	199.0	272.0	233.0	185.0	206.0	129.0	240.0	180.0	245.0	226.0	175.0	237.0	102.0	137.0	262.0	208.0	145.0	224.0	231.0	159.0	188.0	193.0	97.0	186.0	176.0	230.0	134.0	186.0	115.0	136.0	141.0	187.0	154.0	194.0	202.0	84.0	147.0	145.0	196.0	109.0	154.0	54.0	114.0	201.0	185.0	152.0	130.0	145.0	n/a	148.0	112.0	65.0	147.0	76.0	77.0	68.0	102.0	95.0
alpha_rarefaction_30421_4.txt	30421	4	246.0	148.0	173.0	141.0	175.0	248.0	217.0	194.0	196.0	273.0	131.0	231.0	103.0	104.0	215.0	203.0	215.0	297.0	187.0	179.0	174.0	185.0	245.0	320.0	236.0	197.0	326.0	249.0	207.0	200.0	236.0	222.0	183.0	139.0	221.0	196.0	226.0	289.0	193.0	208.0	267.0	228.0	191.0	202.0	134.0	233.0	173.0	245.0	228.0	168.0	243.0	108.0	141.0	278.0	197.0	140.0	220.0	236.0	162.0	175.0	186.0	99.0	186.0	167.0	231.0	138.0	198.0	110.0	137.0	142.0	175.0	156.0	198.0	204.0	83.0	152.0	141.0	191.0	111.0	146.0	56.0	112.0	201.0	185.0	145.0	129.0	140.0	n/a	136.0	107.0	65.0	147.0	73.0	85.0	67.0	89.0	92.0
alpha_rarefaction_30421_5.txt	30421	5	235.0	153.0	168.0	149.0	173.0	244.0	217.0	195.0	204.0	280.0	128.0	233.0	112.0	93.0	203.0	198.0	217.0	304.0	186.0	176.0	168.0	176.0	243.0	325.0	235.0	187.0	328.0	238.0	208.0	196.0	223.0	224.0	180.0	148.0	226.0	193.0	221.0	295.0	193.0	199.0	269.0	233.0	187.0	196.0	138.0	241.0	169.0	255.0	221.0	164.0	246.0	103.0	136.0	268.0	199.0	149.0	221.0	224.0	161.0	191.0	180.0	95.0	182.0	177.0	231.0	140.0	190.0	107.0	142.0	143.0	185.0	151.0	200.0	206.0	87.0	153.0	152.0	201.0	100.0	154.0	52.0	110.0	202.0	181.0	146.0	129.0	145.0	n/a	146.0	105.0	62.0	136.0	77.0	78.0	76.0	107.0	102.0
alpha_rarefaction_30421_6.txt	30421	6	235.0	145.0	163.0	155.0	174.0	242.0	222.0	185.0	196.0	279.0	126.0	236.0	109.0	103.0	216.0	201.0	220.0	301.0	180.0	179.0	165.0	176.0	263.0	322.0	241.0	202.0	327.0	260.0	202.0	200.0	218.0	220.0	187.0	143.0	228.0	212.0	230.0	287.0	194.0	209.0	269.0	234.0	193.0	203.0	130.0	241.0	167.0	250.0	229.0	165.0	244.0	106.0	140.0	271.0	198.0	145.0	222.0	229.0	166.0	181.0	194.0	103.0	179.0	178.0	224.0	129.0	189.0	108.0	143.0	147.0	183.0	152.0	201.0	207.0	89.0	142.0	152.0	194.0	106.0	150.0	58.0	112.0	203.0	187.0	152.0	137.0	145.0	n/a	138.0	113.0	63.0	147.0	78.0	82.0	69.0	97.0	91.0
alpha_rarefaction_30421_7.txt	30421	7	235.0	149.0	169.0	149.0	177.0	249.0	210.0	189.0	195.0	284.0	134.0	226.0	102.0	98.0	214.0	198.0	212.0	297.0	188.0	179.0	172.0	176.0	243.0	319.0	242.0	187.0	341.0	247.0	208.0	203.0	217.0	227.0	186.0	148.0	237.0	195.0	217.0	286.0	201.0	196.0	266.0	216.0	189.0	187.0	127.0	243.0	168.0	251.0	225.0	170.0	246.0	105.0	141.0	269.0	198.0	145.0	223.0	233.0	167.0	180.0	184.0	96.0	184.0	178.0	227.0	148.0	204.0	107.0	131.0	143.0	185.0	157.0	191.0	205.0	90.0	148.0	152.0	194.0	107.0	159.0	62.0	109.0	210.0	193.0	148.0	133.0	142.0	n/a	142.0	107.0	64.0	149.0	85.0	77.0	72.0	100.0	93.0
alpha_rarefaction_30421_8.txt	30421	8	230.0	151.0	170.0	144.0	175.0	244.0	214.0	192.0	201.0	275.0	132.0	232.0	107.0	103.0	204.0	207.0	223.0	306.0	185.0	175.0	170.0	180.0	247.0	320.0	232.0	201.0	335.0	245.0	205.0	203.0	224.0	219.0	193.0	154.0	227.0	198.0	221.0	310.0	202.0	201.0	271.0	227.0	176.0	202.0	136.0	238.0	177.0	248.0	231.0	165.0	241.0	107.0	138.0	273.0	197.0	142.0	222.0	233.0	163.0	188.0	182.0	98.0	195.0	175.0	221.0	143.0	190.0	108.0	136.0	139.0	184.0	157.0	196.0	205.0	86.0	144.0	159.0	193.0	111.0	148.0	59.0	104.0	205.0	188.0	151.0	133.0	138.0	n/a	138.0	110.0	58.0	149.0	84.0	84.0	71.0	97.0	83.0
alpha_rarefaction_30421_9.txt	30421	9	254.0	149.0	166.0	138.0	173.0	246.0	215.0	194.0	199.0	280.0	127.0	238.0	105.0	98.0	217.0	194.0	214.0	301.0	191.0	177.0	168.0	178.0	255.0	327.0	229.0	201.0	323.0	247.0	204.0	190.0	219.0	218.0	188.0	139.0	225.0	206.0	225.0	293.0	185.0	205.0	261.0	222.0	185.0	218.0	137.0	246.0	170.0	261.0	231.0	166.0	236.0	107.0	143.0	275.0	199.0	143.0	223.0	223.0	161.0	189.0	184.0	93.0	188.0	172.0	232.0	143.0	190.0	113.0	138.0	144.0	179.0	156.0	204.0	205.0	89.0	152.0	153.0	196.0	112.0	145.0	54.0	113.0	201.0	183.0	145.0	129.0	144.0	n/a	152.0	114.0	53.0	145.0	73.0	77.0	70.0	104.0	99.0
alpha_rarefaction_40558_0.txt	40558	0	251.0	167.0	182.0	157.0	187.0	252.0	218.0	202.0	216.0	299.0	n/a	243.0	125.0	105.0	228.0	214.0	238.0	316.0	198.0	182.0	171.0	188.0	266.0	354.0	256.0	214.0	358.0	268.0	222.0	209.0	227.0	229.0	194.0	160.0	234.0	221.0	238.0	315.0	204.0	217.0	282.0	247.0	200.0	215.0	146.0	260.0	194.0	267.0	249.0	188.0	260.0	110.0	141.0	275.0	210.0	151.0	231.0	240.0	178.0	198.0	197.0	104.0	213.0	183.0	238.0	148.0	207.0	120.0	155.0	152.0	198.0	165.0	221.0	213.0	96.0	161.0	155.0	203.0	116.0	163.0	56.0	131.0	222.0	201.0	159.0	144.0	163.0	n/a	160.0	115.0	70.0	153.0	88.0	87.0	76.0	107.0	106.0
alpha_rarefaction_40558_1.txt	40558	1	245.0	162.0	171.0	157.0	182.0	259.0	232.0	200.0	210.0	296.0	n/a	242.0	108.0	111.0	229.0	214.0	230.0	320.0	190.0	191.0	187.0	187.0	270.0	341.0	253.0	215.0	351.0	267.0	215.0	214.0	235.0	235.0	194.0	162.0	240.0	204.0	242.0	325.0	208.0	217.0	301.0	241.0	202.0	216.0	141.0	252.0	192.0	263.0	239.0	182.0	251.0	113.0	145.0	293.0	204.0	150.0	227.0	236.0	173.0	195.0	196.0	105.0	214.0	182.0	253.0	150.0	199.0	120.0	145.0	157.0	200.0	169.0	229.0	216.0	92.0	158.0	172.0	203.0	119.0	163.0	57.0	133.0	223.0	198.0	163.0	144.0	160.0	n/a	148.0	120.0	70.0	154.0	90.0	82.0	76.0	111.0	102.0
alpha_rarefaction_40558_2.txt	40558	2	252.0	160.0	183.0	160.0	190.0	251.0	223.0	199.0	217.0	303.0	n/a	244.0	121.0	105.0	223.0	203.0	234.0	317.0	191.0	184.0	181.0	186.0	268.0	347.0	250.0	216.0	343.0	266.0	221.0	221.0	233.0	234.0	196.0	159.0	233.0	219.0	238.0	321.0	215.0	215.0	292.0	240.0	198.0	213.0	150.0	272.0	192.0	262.0	254.0	187.0	259.0	109.0	145.0	288.0	221.0	152.0	228.0	236.0	174.0	191.0	207.0	102.0	216.0	179.0	240.0	147.0	208.0	123.0	137.0	154.0	192.0	170.0	220.0	217.0	96.0	159.0	161.0	207.0	111.0	167.0	61.0	133.0	221.0	199.0	156.0	137.0	153.0	n/a	152.0	119.0	68.0	156.0	89.0	88.0	78.0	114.0	105.0
alpha_rarefaction_40558_3.txt	40558	3	245.0	168.0	174.0	154.0	183.0	264.0	235.0	200.0	213.0	303.0	n/a	242.0	125.0	108.0	225.0	207.0	234.0	316.0	195.0	189.0	184.0	179.0	276.0	347.0	247.0	209.0	342.0	264.0	214.0	205.0	231.0	236.0	197.0	153.0	238.0	207.0	234.0	319.0	205.0	214.0	287.0	254.0	206.0	210.0	142.0	267.0	191.0	273.0	234.0	172.0	261.0	110.0	144.0	282.0	209.0	153.0	230.0	243.0	177.0	191.0	197.0	100.0	197.0	185.0	235.0	142.0	199.0	116.0	140.0	153.0	192.0	172.0	213.0	224.0	95.0	157.0	162.0	207.0	116.0	159.0	61.0	125.0	231.0	202.0	168.0	146.0	156.0	n/a	153.0	118.0	70.0	154.0	90.0	87.0	79.0	105.0	100.0
alpha_rarefaction_40558_4.txt	40558	4	263.0	164.0	176.0	156.0	188.0	262.0	227.0	197.0	208.0	301.0	n/a	244.0	112.0	102.0	229.0	214.0	238.0	317.0	193.0	188.0	185.0	181.0	265.0	342.0	256.0	208.0	343.0	258.0	226.0	211.0	245.0	243.0	208.0	165.0	239.0	216.0	238.0	307.0	205.0	216.0	290.0	249.0	209.0	215.0	137.0	258.0	186.0	269.0	244.0	183.0	275.0	112.0	148.0	290.0	214.0	148.0	232.0	248.0	173.0	195.0	195.0	105.0	203.0	175.0	237.0	137.0	201.0	121.0	144.0	162.0	194.0	171.0	223.0	220.0	89.0	160.0	158.0	196.0	118.0	169.0	60.0	133.0	223.0	198.0	160.0	145.0	148.0	n/a	151.0	117.0	63.0	157.0	85.0	84.0	79.0	112.0	104.0
alpha_rarefaction_40558_5.txt	40558	5	258.0	167.0	183.0	166.0	188.0	258.0	236.0	193.0	215.0	302.0	n/a	245.0	118.0	110.0	226.0	206.0	234.0	301.0	193.0	176.0	180.0	180.0	271.0	349.0	242.0	214.0	357.0	260.0	213.0	213.0	241.0	238.0	200.0	148.0	237.0	217.0	239.0	319.0	216.0	214.0	296.0	243.0	206.0	212.0	145.0	263.0	193.0	262.0	241.0	187.0	257.0	112.0	147.0	282.0	215.0	148.0	228.0	245.0	176.0	197.0	203.0	99.0	208.0	186.0	253.0	151.0	198.0	125.0	144.0	162.0	192.0	172.0	230.0	224.0	92.0	160.0	164.0	206.0	119.0	157.0	62.0	120.0	225.0	196.0	162.0	143.0	151.0	n/a	154.0	119.0	63.0	154.0	91.0	82.0	80.0	105.0	106.0
alpha_rarefaction_40558_6.txt	40558	6	243.0	161.0	178.0	155.0	187.0	252.0	230.0	196.0	210.0	306.0	n/a	247.0	107.0	113.0	221.0	211.0	231.0	309.0	194.0	193.0	186.0	194.0	268.0	344.0	257.0	209.0	343.0	264.0	212.0	212.0	236.0	239.0	203.0	145.0	242.0	221.0	238.0	317.0	206.0	217.0	282.0	251.0	208.0	224.0	141.0	263.0	189.0	257.0	247.0	174.0	261.0	110.0	143.0	292.0	210.0	155.0	231.0	244.0	174.0	195.0	191.0	100.0	205.0	187.0	246.0	151.0	209.0	115.0	148.0	156.0	194.0	167.0	220.0	219.0	92.0	160.0	162.0	207.0	117.0	160.0	58.0	129.0	226.0	196.0	157.0	145.0	161.0	n/a	156.0	119.0	65.0	155.0	88.0	83.0	70.0	98.0	96.0
alpha_rarefaction_40558_7.txt	40558	7	256.0	162.0	174.0	158.0	190.0	262.0	219.0	191.0	211.0	297.0	n/a	247.0	124.0	108.0	235.0	203.0	230.0	314.0	195.0	183.0	176.0	188.0	263.0	346.0	251.0	207.0	352.0	265.0	216.0	212.0	233.0	227.0	193.0	148.0	242.0	225.0	235.0	314.0	206.0	217.0	296.0	239.0	197.0	219.0	133.0	253.0	196.0	273.0	244.0	181.0	257.0	109.0	150.0	293.0	216.0	152.0	232.0	249.0	173.0	192.0	202.0	104.0	205.0	192.0	241.0	145.0	197.0	118.0	142.0	159.0	195.0	178.0	220.0	223.0	95.0	167.0	168.0	205.0	110.0	166.0	58.0	126.0	216.0	199.0	153.0	135.0	156.0	n/a	155.0	119.0	65.0	155.0	83.0	88.0	74.0	101.0	103.0
alpha_rarefaction_40558_8.txt	40558	8	250.0	165.0	182.0	161.0	186.0	254.0	222.0	203.0	205.0	296.0	n/a	243.0	120.0	103.0	230.0	207.0	234.0	323.0	198.0	184.0	178.0	193.0	261.0	344.0	252.0	210.0	345.0	261.0	221.0	205.0	242.0	230.0	191.0	153.0	240.0	214.0	237.0	315.0	209.0	216.0	295.0	248.0	206.0	218.0	152.0	258.0	190.0	262.0	244.0	185.0	262.0	112.0	141.0	275.0	212.0	151.0	231.0	241.0	171.0	193.0	198.0	101.0	191.0	186.0	254.0	137.0	201.0	120.0	141.0	155.0	195.0	179.0	218.0	212.0	96.0	163.0	163.0	211.0	119.0	165.0	55.0	122.0	226.0	199.0	153.0	146.0	152.0	n/a	159.0	122.0	67.0	157.0	85.0	82.0	76.0	104.0	99.0
alpha_rarefaction_40558_9.txt	40558	9	247.0	160.0	178.0	160.0	188.0	257.0	230.0	196.0	207.0	298.0	n/a	241.0	121.0	105.0	230.0	212.0	239.0	314.0	194.0	184.0	181.0	183.0	274.0	342.0	248.0	208.0	345.0	256.0	220.0	214.0	232.0	239.0	201.0	159.0	241.0	211.0	235.0	321.0	213.0	212.0	279.0	247.0	201.0	209.0	143.0	253.0	182.0	264.0	238.0	179.0	251.0	103.0	147.0	274.0	209.0	152.0	232.0	243.0	173.0	188.0	203.0	105.0	197.0	186.0	246.0	148.0	210.0	117.0	144.0	162.0	193.0	174.0	227.0	216.0	99.0	157.0	167.0	210.0	121.0	156.0	59.0	125.0	221.0	199.0	167.0	135.0	153.0	n/a	158.0	122.0	61.0	153.0	82.0	85.0	74.0	104.0	110.0
alpha_rarefaction_50695_0.txt	50695	0	264.0	178.0	191.0	168.0	193.0	263.0	239.0	204.0	233.0	304.0	n/a	258.0	126.0	104.0	244.0	218.0	237.0	332.0	204.0	194.0	199.0	197.0	279.0	359.0	262.0	218.0	360.0	271.0	228.0	224.0	244.0	247.0	193.0	165.0	253.0	229.0	n/a	334.0	209.0	217.0	304.0	255.0	218.0	225.0	154.0	269.0	203.0	280.0	260.0	187.0	274.0	113.0	152.0	306.0	218.0	161.0	234.0	259.0	184.0	198.0	205.0	107.0	219.0	192.0	256.0	153.0	220.0	121.0	151.0	166.0	206.0	184.0	242.0	219.0	100.0	164.0	174.0	217.0	122.0	175.0	58.0	147.0	238.0	208.0	172.0	152.0	156.0	n/a	169.0	128.0	70.0	157.0	98.0	88.0	79.0	116.0	111.0
alpha_rarefaction_50695_1.txt	50695	1	263.0	170.0	187.0	174.0	196.0	273.0	250.0	207.0	221.0	311.0	n/a	253.0	122.0	117.0	250.0	215.0	243.0	329.0	209.0	186.0	195.0	198.0	274.0	356.0	262.0	215.0	367.0	270.0	232.0	224.0	245.0	238.0	210.0	168.0	256.0	230.0	n/a	319.0	215.0	220.0	301.0	255.0	217.0	226.0	155.0	272.0	203.0	279.0	262.0	195.0	277.0	115.0	149.0	300.0	236.0	160.0	239.0	259.0	186.0	211.0	206.0	105.0	218.0	199.0	257.0	155.0	218.0	117.0	148.0	166.0	196.0	188.0	229.0	227.0	103.0	165.0	174.0	221.0	122.0	173.0	67.0	141.0	236.0	209.0	167.0	159.0	158.0	n/a	157.0	124.0	68.0	162.0	95.0	88.0	77.0	105.0	110.0
alpha_rarefaction_50695_2.txt	50695	2	256.0	176.0	184.0	170.0	200.0	272.0	242.0	205.0	221.0	317.0	n/a	254.0	124.0	119.0	235.0	223.0	239.0	333.0	205.0	187.0	194.0	193.0	284.0	361.0	270.0	217.0	365.0	281.0	230.0	224.0	246.0	240.0	204.0	165.0	248.0	233.0	n/a	325.0	221.0	219.0	302.0	254.0	211.0	225.0	148.0	273.0	202.0	280.0	253.0	195.0	276.0	117.0	152.0	299.0	223.0	162.0	237.0	260.0	185.0	199.0	220.0	107.0	219.0	189.0	253.0	152.0	217.0	115.0	151.0	172.0	204.0	180.0	242.0	227.0	101.0	166.0	171.0	216.0	116.0	175.0	66.0	140.0	234.0	209.0	164.0	153.0	168.0	n/a	154.0	132.0	70.0	162.0	91.0	82.0	83.0	119.0	111.0
alpha_rarefaction_50695_3.txt	50695	3	254.0	169.0	189.0	162.0	198.0	272.0	239.0	204.0	215.0	318.0	n/a	250.0	122.0	109.0	239.0	222.0	243.0	326.0	214.0	190.0	186.0	192.0	281.0	360.0	265.0	215.0	360.0	269.0	231.0	212.0	248.0	244.0	206.0	156.0	254.0	228.0	n/a	330.0	217.0	225.0	297.0	251.0	216.0	228.0	146.0	265.0	201.0	281.0	253.0	188.0	275.0	114.0	155.0	299.0	228.0	158.0	239.0	259.0	185.0	203.0	208.0	108.0	212.0	199.0	252.0	154.0	220.0	122.0	153.0	167.0	199.0	186.0	248.0	230.0	96.0	164.0	174.0	210.0	119.0	171.0	62.0	139.0	240.0	209.0	160.0	152.0	165.0	n/a	164.0	127.0	70.0	161.0	92.0	88.0	80.0	112.0	111.0
alpha_rarefaction_50695_4.txt	50695	4	269.0	176.0	190.0	160.0	199.0	273.0	241.0	202.0	228.0	315.0	n/a	254.0	128.0	116.0	239.0	215.0	246.0	331.0	207.0	197.0	190.0	194.0	284.0	356.0	258.0	213.0	360.0	272.0	229.0	224.0	239.0	243.0	205.0	167.0	263.0	230.0	n/a	331.0	216.0	223.0	304.0	254.0	216.0	235.0	150.0	279.0	200.0	286.0	253.0	193.0	268.0	118.0	150.0	296.0	224.0	159.0	239.0	259.0	181.0	206.0	196.0	111.0	219.0	194.0	260.0	150.0	214.0	127.0	148.0	166.0	210.0	194.0	237.0	229.0	99.0	171.0	166.0	217.0	121.0	168.0	57.0	138.0	236.0	209.0	167.0	151.0	158.0	n/a	161.0	124.0	68.0	160.0	90.0	93.0	76.0	113.0	109.0
alpha_rarefaction_50695_5.txt	50695	5	254.0	175.0	186.0	171.0	198.0	273.0	240.0	206.0	218.0	310.0	n/a	257.0	128.0	118.0	241.0	219.0	237.0	331.0	205.0	192.0	192.0	205.0	282.0	350.0	264.0	219.0	364.0	271.0	231.0	223.0	236.0	239.0	203.0	168.0	251.0	225.0	n/a	335.0	219.0	228.0	302.0	257.0	208.0	224.0	145.0	273.0	192.0	288.0	251.0	185.0	276.0	114.0	152.0	300.0	234.0	159.0	237.0	259.0	185.0	199.0	204.0	108.0	206.0	198.0	257.0	153.0	208.0	127.0	154.0	165.0	204.0	191.0	238.0	221.0	98.0	171.0	179.0	222.0	115.0	163.0	62.0	135.0	239.0	208.0	169.0	152.0	163.0	n/a	163.0	126.0	71.0	161.0	90.0	90.0	77.0	112.0	111.0
alpha_rarefaction_50695_6.txt	50695	6	267.0	179.0	191.0	168.0	197.0	263.0	239.0	206.0	210.0	311.0	n/a	252.0	117.0	122.0	246.0	224.0	244.0	330.0	207.0	194.0	190.0	191.0	278.0	354.0	264.0	219.0	362.0	278.0	236.0	226.0	248.0	255.0	211.0	176.0	253.0	238.0	n/a	330.0	219.0	226.0	297.0	261.0	222.0	221.0	153.0	280.0	189.0	270.0	261.0	197.0	269.0	119.0	153.0	300.0	211.0	160.0	237.0	259.0	185.0	195.0	197.0	113.0	218.0	197.0	267.0	159.0	208.0	121.0	151.0	171.0	205.0	188.0	240.0	227.0	101.0	169.0	180.0	217.0	125.0	167.0	63.0	137.0	239.0	209.0	169.0	158.0	154.0	n/a	155.0	130.0	72.0	158.0	95.0	86.0	85.0	118.0	107.0
alpha_rarefaction_50695_7.txt	50695	7	265.0	168.0	185.0	168.0	199.0	276.0	236.0	201.0	220.0	314.0	n/a	256.0	120.0	114.0	236.0	221.0	243.0	334.0	207.0	187.0	198.0	196.0	284.0	357.0	267.0	225.0	366.0	277.0	234.0	219.0	240.0	243.0	213.0	163.0	244.0	226.0	n/a	334.0	215.0	226.0	306.0	263.0	209.0	229.0	152.0	271.0	197.0	275.0	256.0	195.0	279.0	121.0	152.0	295.0	222.0	159.0	238.0	258.0	184.0	202.0	199.0	111.0	217.0	194.0	268.0	156.0	209.0	123.0	152.0	173.0	202.0	198.0	238.0	228.0	92.0	171.0	170.0	215.0	122.0	177.0	65.0	137.0	237.0	209.0	165.0	161.0	163.0	n/a	159.0	123.0	72.0	161.0	98.0	87.0	82.0	109.0	110.0
alpha_rarefaction_50695_8.txt	50695	8	269.0	166.0	192.0	170.0	202.0	273.0	237.0	208.0	222.0	315.0	n/a	256.0	126.0	121.0	234.0	220.0	244.0	341.0	200.0	192.0	186.0	202.0	290.0	357.0	274.0	212.0	365.0	269.0	236.0	224.0	246.0	238.0	199.0	164.0	252.0	237.0	n/a	328.0	219.0	220.0	296.0	254.0	214.0	222.0	153.0	270.0	205.0	279.0	259.0	185.0	266.0	116.0	154.0	299.0	226.0	158.0	239.0	259.0	184.0	203.0	208.0	110.0	223.0	197.0	262.0	160.0	220.0	120.0	147.0	169.0	202.0	184.0	242.0	220.0	102.0	166.0	174.0	211.0	123.0	169.0	57.0	129.0	243.0	209.0	163.0	150.0	165.0	n/a	158.0	128.0	68.0	160.0	95.0	84.0	78.0	113.0	113.0
alpha_rarefaction_50695_9.txt	50695	9	264.0	175.0	195.0	171.0	198.0	268.0	237.0	207.0	224.0	315.0	n/a	255.0	128.0	118.0	231.0	221.0	238.0	332.0	204.0	190.0	197.0	189.0	276.0	363.0	261.0	216.0	366.0	270.0	231.0	218.0	238.0	241.0	198.0	161.0	250.0	232.0	n/a	327.0	216.0	227.0	297.0	253.0	216.0	233.0	154.0	269.0	199.0	273.0	255.0	191.0	263.0	120.0	151.0	303.0	213.0	158.0	239.0	257.0	184.0	199.0	202.0	109.0	224.0	194.0	256.0	156.0	208.0	122.0	150.0	166.0	200.0	179.0	235.0	226.0	102.0	163.0	173.0	213.0	113.0	171.0	58.0	134.0	231.0	208.0	164.0	157.0	166.0	n/a	163.0	130.0	75.0	160.0	95.0	88.0	82.0	114.0	109.0
alpha_rarefaction_60832_0.txt	60832	0	268.0	178.0	190.0	171.0	n/a	276.0	248.0	211.0	237.0	326.0	n/a	261.0	132.0	117.0	254.0	228.0	252.0	341.0	221.0	196.0	201.0	207.0	294.0	372.0	274.0	220.0	n/a	281.0	234.0	231.0	251.0	249.0	217.0	174.0	254.0	243.0	n/a	338.0	223.0	234.0	310.0	265.0	224.0	232.0	160.0	288.0	205.0	300.0	272.0	199.0	285.0	118.0	155.0	308.0	230.0	n/a	n/a	n/a	n/a	209.0	212.0	113.0	226.0	207.0	266.0	160.0	228.0	127.0	152.0	181.0	215.0	197.0	241.0	232.0	99.0	175.0	186.0	222.0	129.0	179.0	62.0	150.0	247.0	n/a	172.0	167.0	179.0	n/a	174.0	132.0	67.0	n/a	102.0	94.0	83.0	127.0	116.0
alpha_rarefaction_60832_1.txt	60832	1	274.0	177.0	193.0	179.0	n/a	276.0	246.0	214.0	230.0	325.0	n/a	261.0	130.0	123.0	248.0	225.0	249.0	331.0	219.0	198.0	201.0	203.0	292.0	368.0	273.0	224.0	n/a	279.0	240.0	230.0	256.0	249.0	207.0	169.0	273.0	247.0	n/a	340.0	232.0	231.0	315.0	257.0	221.0	239.0	160.0	281.0	209.0	288.0	265.0	205.0	284.0	128.0	159.0	310.0	234.0	n/a	n/a	n/a	n/a	217.0	220.0	110.0	227.0	199.0	268.0	157.0	219.0	126.0	156.0	179.0	211.0	195.0	263.0	233.0	106.0	176.0	185.0	219.0	124.0	178.0	67.0	138.0	246.0	n/a	175.0	160.0	175.0	n/a	162.0	135.0	68.0	n/a	101.0	93.0	87.0	117.0	111.0
alpha_rarefaction_60832_2.txt	60832	2	280.0	184.0	195.0	181.0	n/a	283.0	248.0	215.0	223.0	323.0	n/a	261.0	134.0	122.0	255.0	226.0	253.0	348.0	213.0	197.0	204.0	206.0	290.0	371.0	284.0	225.0	n/a	286.0	232.0	231.0	252.0	252.0	210.0	171.0	254.0	243.0	n/a	338.0	224.0	232.0	327.0	262.0	231.0	237.0	160.0	285.0	205.0	292.0	263.0	201.0	277.0	114.0	151.0	314.0	237.0	n/a	n/a	n/a	n/a	217.0	218.0	117.0	225.0	200.0	269.0	160.0	232.0	122.0	151.0	181.0	216.0	188.0	252.0	236.0	108.0	177.0	184.0	224.0	128.0	184.0	64.0	141.0	249.0	n/a	176.0	157.0	167.0	n/a	170.0	132.0	70.0	n/a	102.0	92.0	80.0	120.0	118.0
alpha_rarefaction_60832_3.txt	60832	3	273.0	168.0	193.0	177.0	n/a	278.0	244.0	216.0	238.0	326.0	n/a	261.0	131.0	119.0	251.0	227.0	253.0	343.0	211.0	200.0	199.0	201.0	287.0	369.0	277.0	227.0	n/a	285.0	243.0	228.0	252.0	251.0	220.0	170.0	265.0	239.0	n/a	345.0	216.0	237.0	312.0	259.0	234.0	244.0	162.0	287.0	204.0	293.0	265.0	205.0	275.0	120.0	162.0	311.0	243.0	n/a	n/a	n/a	n/a	206.0	210.0	112.0	236.0	202.0	275.0	157.0	227.0	132.0	154.0	181.0	209.0	195.0	250.0	231.0	102.0	179.0	188.0	219.0	122.0	181.0	62.0	157.0	244.0	n/a	176.0	157.0	171.0	n/a	168.0	131.0	68.0	n/a	97.0	95.0	85.0	124.0	117.0
alpha_rarefaction_60832_4.txt	60832	4	272.0	176.0	193.0	171.0	n/a	280.0	247.0	211.0	226.0	323.0	n/a	260.0	125.0	118.0	252.0	228.0	252.0	342.0	216.0	201.0	206.0	196.0	291.0	368.0	278.0	228.0	n/a	295.0	246.0	231.0	253.0	254.0	215.0	175.0	259.0	245.0	n/a	344.0	223.0	230.0	316.0	274.0	222.0	236.0	159.0	284.0	214.0	295.0	261.0	198.0	284.0	122.0	157.0	315.0	229.0	n/a	n/a	n/a	n/a	215.0	216.0	116.0	230.0	201.0	259.0	161.0	226.0	140.0	156.0	177.0	209.0	190.0	252.0	235.0	102.0	176.0	184.0	220.0	121.0	181.0	62.0	157.0	248.0	n/a	178.0	160.0	167.0	n/a	169.0	134.0	72.0	n/a	99.0	92.0	77.0	129.0	113.0
alpha_rarefaction_60832_5.txt	60832	5	267.0	172.0	199.0	182.0	n/a	278.0	251.0	216.0	235.0	324.0	n/a	262.0	134.0	125.0	253.0	225.0	250.0	333.0	211.0	200.0	202.0	208.0	288.0	370.0	278.0	220.0	n/a	282.0	247.0	228.0	259.0	252.0	218.0	173.0	258.0	240.0	n/a	345.0	229.0	230.0	314.0	264.0	228.0	230.0	158.0	277.0	211.0	297.0	274.0	192.0	285.0	121.0	158.0	305.0	237.0	n/a	n/a	n/a	n/a	216.0	209.0	119.0	227.0	204.0	268.0	162.0	214.0	127.0	159.0	178.0	209.0	190.0	261.0	233.0	105.0	172.0	183.0	226.0	126.0	183.0	65.0	145.0	249.0	n/a	175.0	162.0	180.0	n/a	163.0	135.0	75.0	n/a	96.0	93.0	85.0	121.0	114.0
alpha_rarefaction_60832_6.txt	60832	6	266.0	172.0	198.0	178.0	n/a	271.0	250.0	211.0	227.0	324.0	n/a	259.0	131.0	124.0	249.0	225.0	250.0	346.0	219.0	192.0	202.0	204.0	294.0	372.0	276.0	224.0	n/a	288.0	232.0	224.0	257.0	254.0	215.0	169.0	259.0	239.0	n/a	345.0	217.0	230.0	313.0	254.0	225.0	242.0	160.0	279.0	203.0	295.0	273.0	199.0	289.0	120.0	156.0	308.0	225.0	n/a	n/a	n/a	n/a	208.0	208.0	112.0	223.0	202.0	267.0	153.0	221.0	126.0	159.0	181.0	212.0	199.0	251.0	233.0	105.0	179.0	187.0	217.0	128.0	181.0	64.0	153.0	249.0	n/a	181.0	157.0	178.0	n/a	170.0	137.0	76.0	n/a	99.0	95.0	89.0	130.0	114.0
alpha_rarefaction_60832_7.txt	60832	7	263.0	186.0	196.0	182.0	n/a	277.0	245.0	212.0	237.0	322.0	n/a	262.0	130.0	124.0	254.0	228.0	253.0	343.0	207.0	201.0	204.0	209.0	286.0	371.0	274.0	221.0	n/a	279.0	248.0	232.0	258.0	254.0	227.0	175.0	269.0	243.0	n/a	349.0	220.0	227.0	312.0	259.0	236.0	236.0	161.0	272.0	208.0	288.0	258.0	203.0	281.0	116.0	158.0	311.0	232.0	n/a	n/a	n/a	n/a	208.0	205.0	112.0	233.0	202.0	270.0	163.0	222.0	130.0	158.0	179.0	215.0	200.0	248.0	230.0	104.0	172.0	188.0	212.0	128.0	183.0	64.0	143.0	249.0	n/a	176.0	156.0	165.0	n/a	164.0	136.0	72.0	n/a	95.0	91.0	86.0	129.0	120.0
alpha_rarefaction_60832_8.txt	60832	8	267.0	180.0	188.0	178.0	n/a	280.0	248.0	209.0	221.0	324.0	n/a	260.0	125.0	115.0	250.0	229.0	253.0	345.0	217.0	198.0	201.0	199.0	292.0	371.0	278.0	219.0	n/a	277.0	240.0	231.0	252.0	258.0	217.0	174.0	256.0	247.0	n/a	342.0	218.0	229.0	315.0	262.0	224.0	239.0	165.0	283.0	212.0	295.0	264.0	201.0	276.0	120.0	158.0	316.0	229.0	n/a	n/a	n/a	n/a	217.0	216.0	111.0	224.0	201.0	265.0	159.0	221.0	126.0	155.0	179.0	207.0	191.0	248.0	231.0	109.0	181.0	185.0	224.0	120.0	174.0	65.0	143.0	245.0	n/a	170.0	159.0	168.0	n/a	168.0	133.0	76.0	n/a	94.0	88.0	82.0	126.0	113.0
alpha_rarefaction_60832_9.txt	60832	9	268.0	182.0	197.0	177.0	n/a	280.0	248.0	211.0	236.0	324.0	n/a	258.0	135.0	120.0	247.0	228.0	250.0	341.0	212.0	196.0	197.0	207.0	289.0	368.0	274.0	225.0	n/a	283.0	236.0	231.0	251.0	249.0	216.0	178.0	264.0	241.0	n/a	340.0	223.0	237.0	314.0	265.0	227.0	239.0	162.0	278.0	201.0	289.0	275.0	201.0	289.0	125.0	155.0	319.0	237.0	n/a	n/a	n/a	n/a	213.0	205.0	117.0	229.0	205.0	260.0	156.0	220.0	133.0	157.0	180.0	210.0	195.0	250.0	238.0	109.0	175.0	183.0	226.0	121.0	180.0	64.0	142.0	245.0	n/a	175.0	152.0	170.0	n/a	167.0	134.0	72.0	n/a	99.0	94.0	82.0	125.0	114.0
alpha_rarefaction_70969_0.txt	70969	0	289.0	186.0	208.0	181.0	n/a	284.0	253.0	221.0	238.0	n/a	n/a	n/a	138.0	134.0	263.0	233.0	n/a	354.0	223.0	207.0	213.0	215.0	302.0	n/a	286.0	235.0	n/a	290.0	244.0	n/a	262.0	260.0	220.0	177.0	268.0	252.0	n/a	356.0	232.0	236.0	322.0	267.0	233.0	248.0	n/a	293.0	218.0	306.0	275.0	205.0	291.0	131.0	159.0	310.0	244.0	n/a	n/a	n/a	n/a	219.0	214.0	118.0	236.0	210.0	282.0	167.0	229.0	130.0	161.0	n/a	216.0	209.0	263.0	237.0	110.0	180.0	191.0	224.0	128.0	187.0	65.0	164.0	n/a	n/a	184.0	162.0	174.0	n/a	169.0	139.0	76.0	n/a	104.0	95.0	86.0	131.0	118.0
alpha_rarefaction_70969_1.txt	70969	1	275.0	183.0	203.0	192.0	n/a	286.0	253.0	217.0	233.0	n/a	n/a	n/a	129.0	135.0	253.0	230.0	n/a	354.0	224.0	205.0	207.0	207.0	299.0	n/a	289.0	230.0	n/a	286.0	251.0	n/a	261.0	263.0	227.0	179.0	265.0	247.0	n/a	353.0	237.0	243.0	317.0	280.0	243.0	246.0	n/a	289.0	217.0	297.0	274.0	208.0	287.0	123.0	154.0	333.0	235.0	n/a	n/a	n/a	n/a	215.0	219.0	118.0	233.0	209.0	272.0	165.0	223.0	132.0	162.0	n/a	213.0	202.0	269.0	243.0	110.0	180.0	191.0	232.0	126.0	187.0	59.0	152.0	n/a	n/a	180.0	161.0	172.0	n/a	176.0	139.0	75.0	n/a	102.0	93.0	85.0	132.0	115.0
alpha_rarefaction_70969_2.txt	70969	2	275.0	186.0	203.0	190.0	n/a	285.0	254.0	220.0	226.0	n/a	n/a	n/a	137.0	125.0	258.0	231.0	n/a	354.0	225.0	209.0	204.0	213.0	300.0	n/a	289.0	232.0	n/a	292.0	245.0	n/a	257.0	252.0	227.0	178.0	258.0	252.0	n/a	354.0	238.0	236.0	314.0	275.0	235.0	242.0	n/a	289.0	211.0	297.0	275.0	200.0	294.0	126.0	152.0	317.0	242.0	n/a	n/a	n/a	n/a	209.0	229.0	114.0	243.0	205.0	280.0	161.0	219.0	127.0	162.0	n/a	215.0	216.0	267.0	238.0	107.0	183.0	189.0	231.0	130.0	187.0	61.0	156.0	n/a	n/a	172.0	168.0	172.0	n/a	165.0	139.0	76.0	n/a	103.0	94.0	87.0	130.0	121.0
alpha_rarefaction_70969_3.txt	70969	3	286.0	183.0	204.0	189.0	n/a	292.0	248.0	218.0	236.0	n/a	n/a	n/a	140.0	127.0	260.0	232.0	n/a	349.0	225.0	211.0	206.0	210.0	301.0	n/a	286.0	232.0	n/a	290.0	244.0	n/a	259.0	260.0	220.0	175.0	272.0	250.0	n/a	354.0	241.0	234.0	326.0	269.0	243.0	243.0	n/a	291.0	224.0	302.0	272.0	214.0	298.0	126.0	158.0	322.0	239.0	n/a	n/a	n/a	n/a	214.0	220.0	118.0	238.0	211.0	277.0	163.0	224.0	131.0	159.0	n/a	221.0	202.0	265.0	237.0	107.0	185.0	192.0	230.0	124.0	187.0	64.0	155.0	n/a	n/a	180.0	161.0	178.0	n/a	171.0	139.0	77.0	n/a	97.0	95.0	89.0	134.0	116.0
alpha_rarefaction_70969_4.txt	70969	4	276.0	179.0	204.0	191.0	n/a	293.0	252.0	218.0	239.0	n/a	n/a	n/a	138.0	124.0	258.0	230.0	n/a	355.0	220.0	211.0	213.0	209.0	303.0	n/a	286.0	231.0	n/a	286.0	247.0	n/a	255.0	257.0	219.0	180.0	271.0	253.0	n/a	352.0	230.0	235.0	322.0	269.0	231.0	253.0	n/a	292.0	210.0	302.0	278.0	209.0	281.0	123.0	156.0	321.0	238.0	n/a	n/a	n/a	n/a	218.0	223.0	116.0	245.0	211.0	277.0	160.0	219.0	129.0	162.0	n/a	216.0	212.0	268.0	238.0	109.0	180.0	195.0	228.0	122.0	187.0	64.0	154.0	n/a	n/a	178.0	163.0	169.0	n/a	178.0	139.0	73.0	n/a	104.0	96.0	84.0	132.0	121.0
alpha_rarefaction_70969_5.txt	70969	5	273.0	179.0	206.0	184.0	n/a	285.0	252.0	218.0	233.0	n/a	n/a	n/a	139.0	127.0	258.0	231.0	n/a	355.0	222.0	204.0	209.0	213.0	301.0	n/a	285.0	230.0	n/a	292.0	252.0	n/a	256.0	259.0	215.0	176.0	258.0	252.0	n/a	352.0	226.0	240.0	324.0	274.0	232.0	240.0	n/a	293.0	217.0	299.0	269.0	207.0	298.0	134.0	158.0	318.0	249.0	n/a	n/a	n/a	n/a	215.0	223.0	116.0	236.0	210.0	273.0	159.0	229.0	133.0	164.0	n/a	218.0	210.0	263.0	241.0	110.0	182.0	186.0	227.0	127.0	186.0	68.0	159.0	n/a	n/a	180.0	166.0	184.0	n/a	174.0	139.0	79.0	n/a	101.0	97.0	92.0	127.0	120.0
alpha_rarefaction_70969_6.txt	70969	6	277.0	184.0	201.0	183.0	n/a	286.0	254.0	221.0	242.0	n/a	n/a	n/a	137.0	125.0	265.0	233.0	n/a	348.0	222.0	204.0	207.0	210.0	298.0	n/a	283.0	238.0	n/a	291.0	247.0	n/a	260.0	259.0	225.0	174.0	267.0	255.0	n/a	349.0	234.0	239.0	327.0	278.0	240.0	258.0	n/a	296.0	215.0	290.0	279.0	209.0	289.0	122.0	160.0	314.0	236.0	n/a	n/a	n/a	n/a	215.0	217.0	118.0	229.0	210.0	284.0	167.0	220.0	133.0	164.0	n/a	216.0	204.0	265.0	244.0	113.0	184.0	192.0	227.0	133.0	187.0	68.0	147.0	n/a	n/a	181.0	164.0	177.0	n/a	175.0	139.0	71.0	n/a	99.0	98.0	90.0	129.0	124.0
alpha_rarefaction_70969_7.txt	70969	7	281.0	184.0	201.0	188.0	n/a	286.0	249.0	222.0	229.0	n/a	n/a	n/a	136.0	123.0	263.0	231.0	n/a	359.0	223.0	215.0	206.0	207.0	300.0	n/a	286.0	233.0	n/a	293.0	257.0	n/a	263.0	259.0	233.0	179.0	263.0	254.0	n/a	352.0	233.0	233.0	328.0	276.0	231.0	243.0	n/a	295.0	215.0	300.0	276.0	207.0	288.0	127.0	158.0	318.0	246.0	n/a	n/a	n/a	n/a	216.0	221.0	112.0	234.0	210.0	279.0	163.0	228.0	138.0	164.0	n/a	215.0	212.0	267.0	245.0	110.0	186.0	194.0	233.0	126.0	186.0	71.0	149.0	n/a	n/a	177.0	167.0	177.0	n/a	172.0	139.0	75.0	n/a	104.0	94.0	83.0	131.0	121.0
alpha_rarefaction_70969_8.txt	70969	8	274.0	187.0	202.0	186.0	n/a	292.0	254.0	220.0	248.0	n/a	n/a	n/a	137.0	129.0	256.0	232.0	n/a	360.0	225.0	208.0	208.0	210.0	301.0	n/a	282.0	225.0	n/a	292.0	253.0	n/a	257.0	264.0	211.0	177.0	264.0	254.0	n/a	354.0	234.0	231.0	320.0	274.0	237.0	249.0	n/a	289.0	218.0	304.0	279.0	214.0	293.0	119.0	157.0	316.0	239.0	n/a	n/a	n/a	n/a	220.0	228.0	119.0	232.0	210.0	266.0	158.0	234.0	135.0	161.0	n/a	219.0	214.0	264.0	238.0	106.0	180.0	185.0	231.0	130.0	186.0	64.0	155.0	n/a	n/a	178.0	158.0	180.0	n/a	176.0	139.0	74.0	n/a	100.0	88.0	95.0	130.0	116.0
alpha_rarefaction_70969_9.txt	70969	9	271.0	177.0	207.0	187.0	n/a	284.0	249.0	217.0	239.0	n/a	n/a	n/a	137.0	128.0	253.0	233.0	n/a	351.0	218.0	203.0	210.0	204.0	297.0	n/a	288.0	231.0	n/a	289.0	241.0	n/a	256.0	254.0	227.0	181.0	270.0	252.0	n/a	353.0	228.0	239.0	324.0	266.0	242.0	246.0	n/a	297.0	220.0	303.0	276.0	209.0	290.0	122.0	154.0	320.0	248.0	n/a	n/a	n/a	n/a	217.0	215.0	115.0	238.0	210.0	274.0	172.0	228.0	132.0	164.0	n/a	218.0	211.0	263.0	241.0	110.0	178.0	190.0	225.0	126.0	187.0	65.0	156.0	n/a	n/a	178.0	164.0	177.0	n/a	174.0	139.0	76.0	n/a	107.0	86.0	88.0	126.0	119.0
alpha_rarefaction_81106_0.txt	81106	0	289.0	192.0	203.0	197.0	n/a	292.0	n/a	n/a	246.0	n/a	n/a	n/a	144.0	136.0	268.0	n/a	n/a	361.0	227.0	212.0	216.0	215.0	309.0	n/a	n/a	239.0	n/a	306.0	246.0	n/a	268.0	264.0	225.0	185.0	264.0	n/a	n/a	363.0	240.0	245.0	332.0	278.0	247.0	249.0	n/a	306.0	222.0	312.0	283.0	217.0	292.0	125.0	168.0	330.0	254.0	n/a	n/a	n/a	n/a	217.0	229.0	124.0	248.0	n/a	285.0	171.0	228.0	132.0	170.0	n/a	n/a	216.0	275.0	247.0	114.0	183.0	199.0	237.0	126.0	n/a	73.0	166.0	n/a	n/a	186.0	165.0	188.0	n/a	179.0	n/a	80.0	n/a	108.0	92.0	92.0	136.0	124.0
alpha_rarefaction_81106_1.txt	81106	1	278.0	193.0	201.0	194.0	n/a	295.0	n/a	n/a	244.0	n/a	n/a	n/a	141.0	127.0	259.0	n/a	n/a	362.0	231.0	206.0	216.0	222.0	308.0	n/a	n/a	239.0	n/a	296.0	256.0	n/a	262.0	263.0	227.0	193.0	263.0	n/a	n/a	362.0	239.0	234.0	330.0	281.0	243.0	255.0	n/a	304.0	224.0	305.0	281.0	211.0	296.0	129.0	155.0	330.0	256.0	n/a	n/a	n/a	n/a	227.0	225.0	117.0	247.0	n/a	289.0	170.0	229.0	135.0	168.0	n/a	n/a	205.0	282.0	246.0	113.0	190.0	199.0	234.0	134.0	n/a	71.0	152.0	n/a	n/a	181.0	167.0	188.0	n/a	170.0	n/a	78.0	n/a	106.0	94.0	93.0	135.0	123.0
alpha_rarefaction_81106_2.txt	81106	2	280.0	188.0	205.0	190.0	n/a	297.0	n/a	n/a	236.0	n/a	n/a	n/a	143.0	129.0	263.0	n/a	n/a	360.0	227.0	208.0	213.0	218.0	305.0	n/a	n/a	236.0	n/a	296.0	259.0	n/a	271.0	265.0	228.0	185.0	275.0	n/a	n/a	366.0	237.0	246.0	337.0	279.0	247.0	250.0	n/a	304.0	217.0	306.0	283.0	204.0	292.0	125.0	164.0	329.0	254.0	n/a	n/a	n/a	n/a	216.0	221.0	120.0	248.0	n/a	286.0	165.0	235.0	138.0	173.0	n/a	n/a	200.0	279.0	249.0	113.0	192.0	198.0	241.0	129.0	n/a	68.0	166.0	n/a	n/a	182.0	170.0	184.0	n/a	174.0	n/a	78.0	n/a	107.0	97.0	92.0	134.0	124.0
alpha_rarefaction_81106_3.txt	81106	3	281.0	191.0	204.0	195.0	n/a	297.0	n/a	n/a	245.0	n/a	n/a	n/a	143.0	122.0	273.0	n/a	n/a	359.0	230.0	210.0	215.0	212.0	304.0	n/a	n/a	239.0	n/a	289.0	251.0	n/a	264.0	265.0	229.0	183.0	269.0	n/a	n/a	362.0	239.0	252.0	340.0	277.0	243.0	244.0	n/a	305.0	220.0	306.0	284.0	213.0	297.0	131.0	160.0	327.0	258.0	n/a	n/a	n/a	n/a	221.0	233.0	127.0	242.0	n/a	278.0	171.0	246.0	136.0	170.0	n/a	n/a	216.0	278.0	251.0	115.0	183.0	195.0	231.0	132.0	n/a	69.0	162.0	n/a	n/a	186.0	166.0	183.0	n/a	177.0	n/a	75.0	n/a	104.0	98.0	89.0	131.0	124.0
alpha_rarefaction_81106_4.txt	81106	4	285.0	186.0	205.0	193.0	n/a	293.0	n/a	n/a	242.0	n/a	n/a	n/a	139.0	130.0	265.0	n/a	n/a	359.0	228.0	200.0	215.0	214.0	307.0	n/a	n/a	239.0	n/a	295.0	263.0	n/a	270.0	264.0	232.0	183.0	270.0	n/a	n/a	364.0	235.0	243.0	330.0	279.0	245.0	243.0	n/a	299.0	221.0	311.0	283.0	212.0	302.0	131.0	162.0	330.0	253.0	n/a	n/a	n/a	n/a	218.0	220.0	123.0	243.0	n/a	287.0	170.0	236.0	132.0	171.0	n/a	n/a	206.0	276.0	243.0	114.0	188.0	198.0	237.0	132.0	n/a	67.0	165.0	n/a	n/a	183.0	172.0	177.0	n/a	180.0	n/a	74.0	n/a	104.0	94.0	89.0	140.0	124.0
alpha_rarefaction_81106_5.txt	81106	5	282.0	194.0	203.0	196.0	n/a	295.0	n/a	n/a	244.0	n/a	n/a	n/a	143.0	137.0	265.0	n/a	n/a	364.0	229.0	207.0	216.0	220.0	307.0	n/a	n/a	239.0	n/a	305.0	252.0	n/a	266.0	260.0	228.0	181.0	271.0	n/a	n/a	361.0	236.0	244.0	332.0	279.0	246.0	250.0	n/a	304.0	221.0	300.0	281.0	216.0	291.0	131.0	159.0	325.0	251.0	n/a	n/a	n/a	n/a	219.0	225.0	125.0	251.0	n/a	286.0	169.0	229.0	136.0	170.0	n/a	n/a	220.0	278.0	245.0	113.0	185.0	196.0	229.0	132.0	n/a	72.0	162.0	n/a	n/a	184.0	167.0	185.0	n/a	181.0	n/a	76.0	n/a	107.0	100.0	93.0	135.0	125.0
alpha_rarefaction_81106_6.txt	81106	6	291.0	182.0	200.0	194.0	n/a	294.0	n/a	n/a	246.0	n/a	n/a	n/a	149.0	129.0	271.0	n/a	n/a	365.0	226.0	206.0	213.0	223.0	305.0	n/a	n/a	234.0	n/a	295.0	256.0	n/a	270.0	264.0	233.0	183.0	279.0	n/a	n/a	356.0	242.0	251.0	344.0	279.0	247.0	252.0	n/a	297.0	223.0	316.0	284.0	212.0	289.0	129.0	162.0	330.0	250.0	n/a	n/a	n/a	n/a	224.0	224.0	116.0	247.0	n/a	285.0	166.0	229.0	135.0	166.0	n/a	n/a	213.0	278.0	243.0	109.0	184.0	194.0	234.0	132.0	n/a	69.0	158.0	n/a	n/a	183.0	168.0	180.0	n/a	176.0	n/a	76.0	n/a	107.0	95.0	90.0	135.0	124.0
alpha_rarefaction_81106_7.txt	81106	7	292.0	188.0	196.0	192.0	n/a	295.0	n/a	n/a	238.0	n/a	n/a	n/a	145.0	140.0	263.0	n/a	n/a	359.0	231.0	205.0	215.0	219.0	306.0	n/a	n/a	239.0	n/a	294.0	255.0	n/a	265.0	264.0	232.0	184.0	268.0	n/a	n/a	360.0	234.0	243.0	332.0	274.0	246.0	252.0	n/a	299.0	220.0	305.0	284.0	217.0	291.0	128.0	162.0	332.0	261.0	n/a	n/a	n/a	n/a	217.0	224.0	124.0	245.0	n/a	282.0	168.0	233.0	137.0	170.0	n/a	n/a	213.0	280.0	245.0	114.0	187.0	201.0	226.0	136.0	n/a	69.0	161.0	n/a	n/a	189.0	169.0	187.0	n/a	177.0	n/a	78.0	n/a	108.0	92.0	85.0	135.0	124.0
alpha_rarefaction_81106_8.txt	81106	8	283.0	190.0	206.0	196.0	n/a	295.0	n/a	n/a	243.0	n/a	n/a	n/a	134.0	131.0	262.0	n/a	n/a	363.0	228.0	209.0	215.0	221.0	301.0	n/a	n/a	242.0	n/a	304.0	255.0	n/a	268.0	265.0	231.0	183.0	276.0	n/a	n/a	368.0	239.0	240.0	333.0	280.0	246.0	243.0	n/a	306.0	217.0	309.0	277.0	221.0	301.0	130.0	161.0	323.0	251.0	n/a	n/a	n/a	n/a	225.0	227.0	117.0	246.0	n/a	284.0	172.0	237.0	131.0	168.0	n/a	n/a	210.0	273.0	246.0	112.0	176.0	195.0	239.0	133.0	n/a	67.0	158.0	n/a	n/a	182.0	165.0	182.0	n/a	179.0	n/a	83.0	n/a	110.0	101.0	93.0	134.0	124.0
alpha_rarefaction_81106_9.txt	81106	9	279.0	195.0	210.0	193.0	n/a	296.0	n/a	n/a	246.0	n/a	n/a	n/a	133.0	139.0	269.0	n/a	n/a	361.0	231.0	209.0	214.0	219.0	306.0	n/a	n/a	236.0	n/a	303.0	256.0	n/a	268.0	258.0	228.0	185.0	273.0	n/a	n/a	360.0	237.0	250.0	335.0	274.0	244.0	247.0	n/a	305.0	225.0	312.0	282.0	221.0	299.0	133.0	159.0	333.0	247.0	n/a	n/a	n/a	n/a	222.0	228.0	119.0	253.0	n/a	288.0	170.0	236.0	133.0	169.0	n/a	n/a	219.0	274.0	249.0	116.0	187.0	196.0	239.0	128.0	n/a	71.0	166.0	n/a	n/a	179.0	169.0	189.0	n/a	174.0	n/a	81.0	n/a	107.0	99.0	89.0	136.0	123.0
alpha_rarefaction_91243_0.txt	91243	0	291.0	196.0	205.0	198.0	n/a	n/a	n/a	n/a	255.0	n/a	n/a	n/a	147.0	140.0	271.0	n/a	n/a	366.0	232.0	215.0	n/a	220.0	n/a	n/a	n/a	243.0	n/a	308.0	259.0	n/a	271.0	269.0	238.0	191.0	276.0	n/a	n/a	368.0	235.0	247.0	342.0	288.0	n/a	252.0	n/a	310.0	223.0	317.0	n/a	226.0	299.0	134.0	166.0	333.0	255.0	n/a	n/a	n/a	n/a	227.0	237.0	123.0	253.0	n/a	294.0	174.0	234.0	137.0	173.0	n/a	n/a	224.0	n/a	252.0	117.0	191.0	197.0	235.0	131.0	n/a	69.0	172.0	n/a	n/a	188.0	174.0	184.0	n/a	185.0	n/a	78.0	n/a	112.0	98.0	100.0	140.0	n/a
alpha_rarefaction_91243_1.txt	91243	1	287.0	200.0	208.0	201.0	n/a	n/a	n/a	n/a	246.0	n/a	n/a	n/a	151.0	129.0	269.0	n/a	n/a	366.0	234.0	212.0	n/a	222.0	n/a	n/a	n/a	241.0	n/a	306.0	264.0	n/a	270.0	267.0	241.0	187.0	279.0	n/a	n/a	371.0	239.0	252.0	340.0	282.0	n/a	252.0	n/a	306.0	236.0	323.0	n/a	220.0	304.0	131.0	161.0	333.0	255.0	n/a	n/a	n/a	n/a	226.0	232.0	130.0	257.0	n/a	292.0	173.0	235.0	140.0	175.0	n/a	n/a	214.0	n/a	255.0	120.0	191.0	203.0	239.0	134.0	n/a	69.0	163.0	n/a	n/a	192.0	174.0	192.0	n/a	180.0	n/a	80.0	n/a	111.0	102.0	96.0	141.0	n/a
alpha_rarefaction_91243_2.txt	91243	2	292.0	194.0	210.0	200.0	n/a	n/a	n/a	n/a	249.0	n/a	n/a	n/a	149.0	135.0	266.0	n/a	n/a	368.0	234.0	214.0	n/a	216.0	n/a	n/a	n/a	243.0	n/a	299.0	267.0	n/a	272.0	271.0	226.0	189.0	282.0	n/a	n/a	373.0	238.0	253.0	341.0	289.0	n/a	257.0	n/a	310.0	227.0	315.0	n/a	226.0	303.0	134.0	169.0	330.0	252.0	n/a	n/a	n/a	n/a	223.0	232.0	127.0	259.0	n/a	294.0	171.0	237.0	138.0	174.0	n/a	n/a	220.0	n/a	252.0	119.0	192.0	198.0	242.0	129.0	n/a	69.0	170.0	n/a	n/a	191.0	175.0	187.0	n/a	184.0	n/a	79.0	n/a	111.0	96.0	91.0	140.0	n/a
alpha_rarefaction_91243_3.txt	91243	3	285.0	195.0	214.0	202.0	n/a	n/a	n/a	n/a	253.0	n/a	n/a	n/a	146.0	137.0	271.0	n/a	n/a	370.0	233.0	214.0	n/a	219.0	n/a	n/a	n/a	242.0	n/a	306.0	264.0	n/a	270.0	270.0	233.0	193.0	274.0	n/a	n/a	369.0	246.0	247.0	343.0	286.0	n/a	261.0	n/a	310.0	228.0	314.0	n/a	221.0	304.0	129.0	162.0	331.0	254.0	n/a	n/a	n/a	n/a	219.0	238.0	125.0	254.0	n/a	292.0	171.0	243.0	137.0	175.0	n/a	n/a	212.0	n/a	253.0	119.0	190.0	201.0	241.0	131.0	n/a	70.0	171.0	n/a	n/a	190.0	174.0	185.0	n/a	188.0	n/a	79.0	n/a	111.0	101.0	98.0	145.0	n/a
alpha_rarefaction_91243_4.txt	91243	4	293.0	194.0	219.0	204.0	n/a	n/a	n/a	n/a	247.0	n/a	n/a	n/a	144.0	134.0	270.0	n/a	n/a	369.0	234.0	217.0	n/a	220.0	n/a	n/a	n/a	241.0	n/a	308.0	263.0	n/a	274.0	271.0	234.0	182.0	280.0	n/a	n/a	367.0	248.0	250.0	329.0	294.0	n/a	258.0	n/a	310.0	229.0	315.0	n/a	220.0	300.0	136.0	163.0	332.0	251.0	n/a	n/a	n/a	n/a	224.0	225.0	124.0	252.0	n/a	290.0	176.0	241.0	137.0	176.0	n/a	n/a	224.0	n/a	250.0	119.0	190.0	203.0	239.0	131.0	n/a	67.0	171.0	n/a	n/a	192.0	174.0	192.0	n/a	180.0	n/a	78.0	n/a	110.0	95.0	94.0	139.0	n/a
alpha_rarefaction_91243_5.txt	91243	5	295.0	188.0	205.0	197.0	n/a	n/a	n/a	n/a	252.0	n/a	n/a	n/a	151.0	136.0	273.0	n/a	n/a	369.0	234.0	218.0	n/a	214.0	n/a	n/a	n/a	242.0	n/a	303.0	268.0	n/a	273.0	267.0	235.0	191.0	279.0	n/a	n/a	372.0	241.0	245.0	338.0	281.0	n/a	256.0	n/a	310.0	231.0	320.0	n/a	223.0	296.0	131.0	159.0	325.0	264.0	n/a	n/a	n/a	n/a	229.0	232.0	121.0	256.0	n/a	294.0	178.0	236.0	135.0	172.0	n/a	n/a	213.0	n/a	250.0	117.0	196.0	200.0	237.0	133.0	n/a	68.0	167.0	n/a	n/a	192.0	174.0	192.0	n/a	176.0	n/a	82.0	n/a	111.0	103.0	96.0	144.0	n/a
alpha_rarefaction_91243_6.txt	91243	6	293.0	194.0	206.0	199.0	n/a	n/a	n/a	n/a	255.0	n/a	n/a	n/a	151.0	142.0	278.0	n/a	n/a	369.0	232.0	217.0	n/a	222.0	n/a	n/a	n/a	243.0	n/a	309.0	266.0	n/a	270.0	271.0	228.0	192.0	288.0	n/a	n/a	373.0	244.0	249.0	341.0	283.0	n/a	255.0	n/a	309.0	222.0	321.0	n/a	224.0	300.0	134.0	164.0	325.0	252.0	n/a	n/a	n/a	n/a	227.0	232.0	120.0	252.0	n/a	297.0	171.0	239.0	132.0	174.0	n/a	n/a	221.0	n/a	252.0	116.0	190.0	201.0	238.0	133.0	n/a	71.0	170.0	n/a	n/a	191.0	170.0	196.0	n/a	189.0	n/a	81.0	n/a	109.0	100.0	94.0	143.0	n/a
alpha_rarefaction_91243_7.txt	91243	7	294.0	186.0	203.0	202.0	n/a	n/a	n/a	n/a	245.0	n/a	n/a	n/a	143.0	138.0	282.0	n/a	n/a	365.0	234.0	214.0	n/a	227.0	n/a	n/a	n/a	242.0	n/a	309.0	268.0	n/a	267.0	273.0	223.0	183.0	272.0	n/a	n/a	373.0	243.0	253.0	333.0	285.0	n/a	255.0	n/a	306.0	226.0	315.0	n/a	223.0	304.0	132.0	167.0	330.0	263.0	n/a	n/a	n/a	n/a	229.0	240.0	123.0	250.0	n/a	288.0	177.0	237.0	136.0	175.0	n/a	n/a	236.0	n/a	253.0	117.0	191.0	198.0	238.0	133.0	n/a	71.0	171.0	n/a	n/a	186.0	175.0	189.0	n/a	180.0	n/a	85.0	n/a	112.0	101.0	93.0	142.0	n/a
alpha_rarefaction_91243_8.txt	91243	8	289.0	190.0	211.0	199.0	n/a	n/a	n/a	n/a	252.0	n/a	n/a	n/a	143.0	139.0	274.0	n/a	n/a	368.0	233.0	213.0	n/a	220.0	n/a	n/a	n/a	244.0	n/a	304.0	264.0	n/a	265.0	269.0	227.0	190.0	282.0	n/a	n/a	369.0	248.0	251.0	336.0	290.0	n/a	263.0	n/a	310.0	235.0	307.0	n/a	220.0	301.0	131.0	163.0	325.0	252.0	n/a	n/a	n/a	n/a	224.0	236.0	120.0	254.0	n/a	289.0	173.0	244.0	139.0	174.0	n/a	n/a	222.0	n/a	252.0	120.0	191.0	203.0	244.0	135.0	n/a	67.0	172.0	n/a	n/a	187.0	173.0	182.0	n/a	180.0	n/a	78.0	n/a	109.0	102.0	97.0	141.0	n/a
alpha_rarefaction_91243_9.txt	91243	9	290.0	192.0	209.0	201.0	n/a	n/a	n/a	n/a	255.0	n/a	n/a	n/a	145.0	143.0	283.0	n/a	n/a	370.0	229.0	212.0	n/a	223.0	n/a	n/a	n/a	243.0	n/a	308.0	271.0	n/a	269.0	268.0	227.0	191.0	285.0	n/a	n/a	368.0	241.0	253.0	343.0	290.0	n/a	251.0	n/a	310.0	236.0	316.0	n/a	226.0	300.0	125.0	162.0	337.0	256.0	n/a	n/a	n/a	n/a	224.0	230.0	124.0	256.0	n/a	293.0	176.0	233.0	140.0	172.0	n/a	n/a	220.0	n/a	252.0	120.0	189.0	206.0	241.0	136.0	n/a	73.0	175.0	n/a	n/a	188.0	171.0	190.0	n/a	183.0	n/a	82.0	n/a	111.0	99.0	95.0	143.0	n/a
alpha_rarefaction_101380_0.txt	101380	0	296.0	191.0	217.0	n/a	n/a	n/a	n/a	n/a	263.0	n/a	n/a	n/a	151.0	145.0	275.0	n/a	n/a	n/a	n/a	219.0	n/a	228.0	n/a	n/a	n/a	n/a	n/a	313.0	281.0	n/a	n/a	n/a	241.0	189.0	279.0	n/a	n/a	n/a	245.0	261.0	351.0	294.0	n/a	256.0	n/a	n/a	236.0	327.0	n/a	229.0	308.0	138.0	167.0	341.0	266.0	n/a	n/a	n/a	n/a	233.0	234.0	122.0	257.0	n/a	291.0	175.0	240.0	140.0	n/a	n/a	n/a	229.0	n/a	n/a	n/a	195.0	208.0	242.0	135.0	n/a	70.0	177.0	n/a	n/a	193.0	178.0	191.0	n/a	190.0	n/a	79.0	n/a	n/a	102.0	96.0	n/a	n/a
alpha_rarefaction_101380_1.txt	101380	1	295.0	201.0	215.0	n/a	n/a	n/a	n/a	n/a	264.0	n/a	n/a	n/a	150.0	141.0	281.0	n/a	n/a	n/a	n/a	218.0	n/a	223.0	n/a	n/a	n/a	n/a	n/a	308.0	264.0	n/a	n/a	n/a	236.0	193.0	283.0	n/a	n/a	n/a	247.0	251.0	349.0	288.0	n/a	259.0	n/a	n/a	239.0	319.0	n/a	229.0	308.0	137.0	163.0	344.0	267.0	n/a	n/a	n/a	n/a	231.0	237.0	122.0	256.0	n/a	304.0	179.0	242.0	144.0	n/a	n/a	n/a	231.0	n/a	n/a	n/a	195.0	208.0	243.0	136.0	n/a	70.0	174.0	n/a	n/a	194.0	178.0	197.0	n/a	189.0	n/a	82.0	n/a	n/a	101.0	98.0	n/a	n/a
alpha_rarefaction_101380_2.txt	101380	2	296.0	203.0	211.0	n/a	n/a	n/a	n/a	n/a	262.0	n/a	n/a	n/a	156.0	141.0	279.0	n/a	n/a	n/a	n/a	219.0	n/a	228.0	n/a	n/a	n/a	n/a	n/a	314.0	260.0	n/a	n/a	n/a	245.0	195.0	286.0	n/a	n/a	n/a	243.0	259.0	349.0	292.0	n/a	267.0	n/a	n/a	231.0	323.0	n/a	229.0	308.0	137.0	164.0	342.0	266.0	n/a	n/a	n/a	n/a	229.0	229.0	125.0	266.0	n/a	298.0	177.0	238.0	144.0	n/a	n/a	n/a	231.0	n/a	n/a	n/a	195.0	208.0	241.0	136.0	n/a	70.0	170.0	n/a	n/a	194.0	177.0	198.0	n/a	183.0	n/a	84.0	n/a	n/a	102.0	94.0	n/a	n/a
alpha_rarefaction_101380_3.txt	101380	3	296.0	191.0	217.0	n/a	n/a	n/a	n/a	n/a	254.0	n/a	n/a	n/a	145.0	145.0	284.0	n/a	n/a	n/a	n/a	220.0	n/a	229.0	n/a	n/a	n/a	n/a	n/a	309.0	278.0	n/a	n/a	n/a	239.0	188.0	288.0	n/a	n/a	n/a	245.0	252.0	349.0	289.0	n/a	263.0	n/a	n/a	227.0	321.0	n/a	228.0	306.0	135.0	166.0	336.0	272.0	n/a	n/a	n/a	n/a	232.0	231.0	128.0	259.0	n/a	295.0	175.0	244.0	139.0	n/a	n/a	n/a	224.0	n/a	n/a	n/a	196.0	208.0	245.0	140.0	n/a	68.0	175.0	n/a	n/a	195.0	178.0	197.0	n/a	180.0	n/a	84.0	n/a	n/a	103.0	96.0	n/a	n/a
alpha_rarefaction_101380_4.txt	101380	4	292.0	200.0	217.0	n/a	n/a	n/a	n/a	n/a	259.0	n/a	n/a	n/a	151.0	140.0	281.0	n/a	n/a	n/a	n/a	218.0	n/a	233.0	n/a	n/a	n/a	n/a	n/a	307.0	277.0	n/a	n/a	n/a	237.0	193.0	285.0	n/a	n/a	n/a	246.0	250.0	349.0	286.0	n/a	258.0	n/a	n/a	227.0	317.0	n/a	229.0	306.0	134.0	167.0	341.0	260.0	n/a	n/a	n/a	n/a	230.0	234.0	122.0	261.0	n/a	300.0	174.0	245.0	142.0	n/a	n/a	n/a	227.0	n/a	n/a	n/a	193.0	208.0	242.0	139.0	n/a	73.0	173.0	n/a	n/a	192.0	177.0	192.0	n/a	183.0	n/a	79.0	n/a	n/a	103.0	95.0	n/a	n/a
alpha_rarefaction_101380_5.txt	101380	5	293.0	203.0	212.0	n/a	n/a	n/a	n/a	n/a	258.0	n/a	n/a	n/a	151.0	143.0	280.0	n/a	n/a	n/a	n/a	218.0	n/a	230.0	n/a	n/a	n/a	n/a	n/a	307.0	269.0	n/a	n/a	n/a	238.0	191.0	282.0	n/a	n/a	n/a	247.0	255.0	344.0	292.0	n/a	270.0	n/a	n/a	237.0	324.0	n/a	229.0	302.0	130.0	166.0	342.0	268.0	n/a	n/a	n/a	n/a	230.0	233.0	127.0	260.0	n/a	293.0	176.0	239.0	144.0	n/a	n/a	n/a	228.0	n/a	n/a	n/a	197.0	208.0	244.0	137.0	n/a	70.0	171.0	n/a	n/a	193.0	176.0	194.0	n/a	190.0	n/a	83.0	n/a	n/a	102.0	92.0	n/a	n/a
alpha_rarefaction_101380_6.txt	101380	6	290.0	194.0	211.0	n/a	n/a	n/a	n/a	n/a	256.0	n/a	n/a	n/a	148.0	140.0	278.0	n/a	n/a	n/a	n/a	220.0	n/a	230.0	n/a	n/a	n/a	n/a	n/a	312.0	260.0	n/a	n/a	n/a	241.0	197.0	274.0	n/a	n/a	n/a	249.0	258.0	348.0	288.0	n/a	258.0	n/a	n/a	232.0	326.0	n/a	229.0	308.0	136.0	166.0	340.0	260.0	n/a	n/a	n/a	n/a	231.0	228.0	126.0	270.0	n/a	292.0	177.0	237.0	138.0	n/a	n/a	n/a	223.0	n/a	n/a	n/a	196.0	208.0	237.0	137.0	n/a	74.0	169.0	n/a	n/a	191.0	176.0	196.0	n/a	183.0	n/a	79.0	n/a	n/a	99.0	98.0	n/a	n/a
alpha_rarefaction_101380_7.txt	101380	7	294.0	199.0	214.0	n/a	n/a	n/a	n/a	n/a	248.0	n/a	n/a	n/a	150.0	139.0	279.0	n/a	n/a	n/a	n/a	217.0	n/a	231.0	n/a	n/a	n/a	n/a	n/a	310.0	265.0	n/a	n/a	n/a	234.0	189.0	288.0	n/a	n/a	n/a	243.0	252.0	345.0	291.0	n/a	255.0	n/a	n/a	229.0	320.0	n/a	229.0	304.0	137.0	166.0	349.0	269.0	n/a	n/a	n/a	n/a	231.0	235.0	129.0	263.0	n/a	298.0	178.0	250.0	146.0	n/a	n/a	n/a	226.0	n/a	n/a	n/a	196.0	208.0	239.0	137.0	n/a	70.0	176.0	n/a	n/a	194.0	177.0	194.0	n/a	187.0	n/a	81.0	n/a	n/a	102.0	98.0	n/a	n/a
alpha_rarefaction_101380_8.txt	101380	8	296.0	194.0	212.0	n/a	n/a	n/a	n/a	n/a	253.0	n/a	n/a	n/a	146.0	143.0	281.0	n/a	n/a	n/a	n/a	219.0	n/a	234.0	n/a	n/a	n/a	n/a	n/a	317.0	272.0	n/a	n/a	n/a	243.0	193.0	284.0	n/a	n/a	n/a	245.0	256.0	350.0	290.0	n/a	270.0	n/a	n/a	238.0	324.0	n/a	228.0	307.0	131.0	166.0	342.0	259.0	n/a	n/a	n/a	n/a	225.0	234.0	127.0	262.0	n/a	300.0	177.0	244.0	142.0	n/a	n/a	n/a	229.0	n/a	n/a	n/a	196.0	208.0	246.0	138.0	n/a	75.0	175.0	n/a	n/a	193.0	177.0	197.0	n/a	187.0	n/a	82.0	n/a	n/a	102.0	95.0	n/a	n/a
alpha_rarefaction_101380_9.txt	101380	9	297.0	191.0	220.0	n/a	n/a	n/a	n/a	n/a	257.0	n/a	n/a	n/a	149.0	138.0	282.0	n/a	n/a	n/a	n/a	219.0	n/a	228.0	n/a	n/a	n/a	n/a	n/a	313.0	272.0	n/a	n/a	n/a	235.0	194.0	283.0	n/a	n/a	n/a	243.0	261.0	346.0	288.0	n/a	263.0	n/a	n/a	235.0	321.0	n/a	228.0	304.0	133.0	170.0	332.0	266.0	n/a	n/a	n/a	n/a	231.0	239.0	127.0	259.0	n/a	295.0	178.0	244.0	142.0	n/a	n/a	n/a	226.0	n/a	n/a	n/a	194.0	208.0	244.0	140.0	n/a	72.0	181.0	n/a	n/a	194.0	178.0	197.0	n/a	184.0	n/a	81.0	n/a	n/a	104.0	94.0	n/a	n/a